Start		Stop		Uncertainty		Example
µm		µm					depth
6.500000e-07	 7.500000e-07	 2.000000e-05 		7.996772e-03
9.500000e-07	 9.531667e-07	 1.000000e+00 		8.026821e-03
9.531667e-07	 9.563439e-07	 1.000000e+00 		7.979149e-03
9.563439e-07	 9.595317e-07	 1.000000e+00 		8.018789e-03
9.595317e-07	 9.627301e-07	 1.000000e+00 		7.997851e-03
9.627301e-07	 9.659392e-07	 1.000000e+00 		7.968320e-03
9.659392e-07	 9.691590e-07	 1.000000e+00 		7.970071e-03
9.691590e-07	 9.723896e-07	 1.000000e+00 		8.013339e-03
9.723896e-07	 9.756309e-07	 2.085683e-05 		7.980776e-03
9.756309e-07	 9.788830e-07	 2.076182e-05 		7.986088e-03
9.788830e-07	 9.821459e-07	 2.038425e-05 		7.997344e-03
9.821459e-07	 9.854197e-07	 2.026966e-05 		8.019149e-03
9.854197e-07	 9.887045e-07	 2.005634e-05 		7.988736e-03
9.887045e-07	 9.920001e-07	 2.001802e-05 		7.970075e-03
9.920001e-07	 9.953068e-07	 2.001291e-05 		7.988131e-03
9.953068e-07	 9.986245e-07	 2.000991e-05 		7.997077e-03
9.986245e-07	 1.001953e-06	 2.001422e-05 		8.011371e-03
1.001953e-06	 1.005293e-06	 2.001642e-05 		8.006535e-03
1.005293e-06	 1.008644e-06	 2.001321e-05 		7.980815e-03
1.008644e-06	 1.012006e-06	 2.002214e-05 		7.984219e-03
1.012006e-06	 1.015380e-06	 2.000490e-05 		7.962005e-03
1.015380e-06	 1.018764e-06	 2.000440e-05 		7.970567e-03
1.018764e-06	 1.022160e-06	 2.000390e-05 		7.960378e-03
1.022160e-06	 1.025567e-06	 2.000540e-05 		7.960106e-03
1.025567e-06	 1.028986e-06	 2.000740e-05 		7.951671e-03
1.028986e-06	 1.032416e-06	 2.000190e-05 		7.951348e-03
1.032416e-06	 1.035857e-06	 2.000000e-05 		7.951865e-03
1.035857e-06	 1.039310e-06	 2.000090e-05 		7.952617e-03
1.039310e-06	 1.042774e-06	 2.000030e-05 		7.944667e-03
1.042774e-06	 1.046250e-06	 2.000000e-05 		7.949986e-03
1.046250e-06	 1.049738e-06	 2.000000e-05 		7.954921e-03
1.049738e-06	 1.053237e-06	 2.000170e-05 		7.944970e-03
1.053237e-06	 1.056748e-06	 2.000050e-05 		7.946468e-03
1.056748e-06	 1.060270e-06	 2.000040e-05 		7.946568e-03
1.060270e-06	 1.063804e-06	 2.000260e-05 		7.951649e-03
1.063804e-06	 1.067350e-06	 2.000670e-05 		7.942457e-03
1.067350e-06	 1.070908e-06	 2.001812e-05 		7.958087e-03
1.070908e-06	 1.074478e-06	 2.001146e-05 		7.941949e-03
1.074478e-06	 1.078060e-06	 2.001732e-05 		7.948580e-03
1.078060e-06	 1.081653e-06	 2.005462e-05 		7.957991e-03
1.081653e-06	 1.085259e-06	 2.007300e-05 		7.961067e-03
1.085259e-06	 1.088876e-06	 2.009781e-05 		7.959816e-03
1.088876e-06	 1.092506e-06	 2.009670e-05 		7.979463e-03
1.092506e-06	 1.096147e-06	 2.021956e-05 		7.964196e-03
1.096147e-06	 1.099801e-06	 2.040646e-05 		7.980053e-03
1.099801e-06	 1.103467e-06	 2.077010e-05 		8.015199e-03
1.103467e-06	 1.107145e-06	 2.085348e-05 		7.999526e-03
1.107145e-06	 1.110836e-06	 2.103970e-05 		7.974917e-03
1.110836e-06	 1.114539e-06	 2.184351e-05 		7.999761e-03
1.114539e-06	 1.118254e-06	 2.522728e-05 		8.024074e-03
1.118254e-06	 1.121981e-06	 2.746460e-05 		7.963758e-03
1.121981e-06	 1.125721e-06	 2.983148e-05 		8.006791e-03
1.125721e-06	 1.129474e-06	 1.000000e+00 		8.028565e-03
1.129474e-06	 1.133239e-06	 1.000000e+00 		8.030686e-03
1.133239e-06	 1.137016e-06	 1.000000e+00 		8.057513e-03
1.137016e-06	 1.140806e-06	 1.000000e+00 		7.994492e-03
1.140806e-06	 1.144609e-06	 1.000000e+00 		8.100853e-03
1.144609e-06	 1.148424e-06	 1.000000e+00 		8.002723e-03
1.148424e-06	 1.152252e-06	 1.000000e+00 		7.993498e-03
1.152252e-06	 1.156093e-06	 2.347004e-05 		8.003713e-03
1.156093e-06	 1.159947e-06	 2.198127e-05 		8.024099e-03
1.159947e-06	 1.163813e-06	 2.149519e-05 		8.046350e-03
1.163813e-06	 1.167693e-06	 2.095821e-05 		8.003018e-03
1.167693e-06	 1.171585e-06	 2.066186e-05 		8.013037e-03
1.171585e-06	 1.175490e-06	 2.071477e-05 		8.022031e-03
1.175490e-06	 1.179409e-06	 2.028247e-05 		8.050548e-03
1.179409e-06	 1.183340e-06	 2.071860e-05 		8.018624e-03
1.183340e-06	 1.187284e-06	 2.046208e-05 		8.035921e-03
1.187284e-06	 1.191242e-06	 2.075813e-05 		7.997655e-03
1.191242e-06	 1.195213e-06	 2.028926e-05 		7.975406e-03
1.195213e-06	 1.199197e-06	 2.049402e-05 		7.966739e-03
1.199197e-06	 1.203194e-06	 2.045518e-05 		8.001450e-03
1.203194e-06	 1.207205e-06	 2.048327e-05 		7.999566e-03
1.207205e-06	 1.211229e-06	 2.032642e-05 		7.962420e-03
1.211229e-06	 1.215266e-06	 2.047709e-05 		8.002326e-03
1.215266e-06	 1.219317e-06	 2.025479e-05 		7.999062e-03
1.219317e-06	 1.223382e-06	 2.019213e-05 		7.990372e-03
1.223382e-06	 1.227459e-06	 2.018946e-05 		7.976661e-03
1.227459e-06	 1.231551e-06	 2.005019e-05 		7.994177e-03
1.231551e-06	 1.235656e-06	 2.002716e-05 		7.957079e-03
1.235656e-06	 1.239775e-06	 2.000680e-05 		7.970123e-03
1.239775e-06	 1.243908e-06	 2.000080e-05 		7.978970e-03
1.243908e-06	 1.248054e-06	 2.000140e-05 		7.969026e-03
1.248054e-06	 1.252214e-06	 2.000330e-05 		7.957115e-03
1.252214e-06	 1.256388e-06	 2.001141e-05 		7.965069e-03
1.256388e-06	 1.260576e-06	 2.008403e-05 		7.950440e-03
1.260576e-06	 1.264778e-06	 2.057933e-05 		7.941020e-03
1.264778e-06	 1.268994e-06	 2.086176e-05 		7.953642e-03
1.268994e-06	 1.273224e-06	 2.057677e-05 		7.994685e-03
1.273224e-06	 1.277468e-06	 2.031441e-05 		7.959544e-03
1.277468e-06	 1.281726e-06	 2.011610e-05 		7.940883e-03
1.281726e-06	 1.285999e-06	 2.003107e-05 		7.948904e-03
1.285999e-06	 1.290285e-06	 2.006653e-05 		7.972270e-03
1.290285e-06	 1.294586e-06	 2.005689e-05 		7.967753e-03
1.294586e-06	 1.298902e-06	 2.014741e-05 		8.010672e-03
1.298902e-06	 1.303231e-06	 2.032716e-05 		7.952827e-03
1.303231e-06	 1.307575e-06	 2.051827e-05 		7.965048e-03
1.307575e-06	 1.311934e-06	 2.035293e-05 		7.987917e-03
1.311934e-06	 1.316307e-06	 2.103318e-05 		7.948349e-03
1.316307e-06	 1.320695e-06	 2.119198e-05 		7.998994e-03
1.320695e-06	 1.325097e-06	 2.105228e-05 		8.025444e-03
1.325097e-06	 1.329514e-06	 2.184716e-05 		8.077497e-03
1.329514e-06	 1.333946e-06	 2.348808e-05 		8.004078e-03
1.333946e-06	 1.338392e-06	 2.299519e-05 		8.025283e-03
1.338392e-06	 1.342854e-06	 2.249236e-05 		7.995098e-03
1.342854e-06	 1.347330e-06	 2.568825e-05 		8.112689e-03
1.347330e-06	 1.351821e-06	 4.086572e-05 		8.071932e-03
1.351821e-06	 1.356327e-06	 1.000000e+00 		8.160217e-03
1.356327e-06	 1.360848e-06	 1.000000e+00 		8.108748e-03
1.360848e-06	 1.365384e-06	 1.000000e+00 		8.087120e-03
1.365384e-06	 1.369935e-06	 1.000000e+00 		8.174189e-03
1.369935e-06	 1.374502e-06	 1.000000e+00 		8.147335e-03
1.374502e-06	 1.379084e-06	 1.000000e+00 		8.088415e-03
1.379084e-06	 1.383681e-06	 1.000000e+00 		8.081449e-03
1.383681e-06	 1.388293e-06	 1.000000e+00 		8.054653e-03
1.388293e-06	 1.392920e-06	 1.000000e+00 		8.051828e-03
1.392920e-06	 1.397563e-06	 1.000000e+00 		8.076363e-03
1.397563e-06	 1.402222e-06	 1.000000e+00 		8.087698e-03
1.402222e-06	 1.406896e-06	 1.000000e+00 		8.025202e-03
1.406896e-06	 1.411586e-06	 1.000000e+00 		8.076077e-03
1.411586e-06	 1.416291e-06	 1.000000e+00 		8.064392e-03
1.416291e-06	 1.421012e-06	 1.000000e+00 		8.099423e-03
1.421012e-06	 1.425749e-06	 1.000000e+00 		8.154438e-03
1.425749e-06	 1.430501e-06	 1.000000e+00 		8.085293e-03
1.430501e-06	 1.435270e-06	 1.000000e+00 		8.086170e-03
1.435270e-06	 1.440054e-06	 1.000000e+00 		8.148308e-03
1.440054e-06	 1.444854e-06	 1.000000e+00 		8.191389e-03
1.444854e-06	 1.449670e-06	 1.000000e+00 		8.045233e-03
1.449670e-06	 1.454502e-06	 1.000000e+00 		8.079410e-03
1.454502e-06	 1.459351e-06	 1.000000e+00 		8.052115e-03
1.459351e-06	 1.464215e-06	 1.000000e+00 		8.106052e-03
1.464215e-06	 1.469096e-06	 2.659972e-05 		8.034879e-03
1.469096e-06	 1.473993e-06	 2.934457e-05 		8.039200e-03
1.473993e-06	 1.478906e-06	 2.457218e-05 		8.127131e-03
1.478906e-06	 1.483836e-06	 2.501809e-05 		8.103929e-03
1.483836e-06	 1.488782e-06	 2.420201e-05 		8.097392e-03
1.488782e-06	 1.493745e-06	 2.189371e-05 		8.092992e-03
1.493745e-06	 1.498724e-06	 2.178383e-05 		8.052614e-03
1.498724e-06	 1.503720e-06	 2.100069e-05 		8.067213e-03
1.503720e-06	 1.508732e-06	 2.061533e-05 		8.073251e-03
1.508732e-06	 1.513761e-06	 2.045957e-05 		8.027991e-03
1.513761e-06	 1.518807e-06	 2.044818e-05 		7.991538e-03
1.518807e-06	 1.523870e-06	 2.014711e-05 		8.035485e-03
1.523870e-06	 1.528949e-06	 2.018442e-05 		8.038876e-03
1.528949e-06	 1.534046e-06	 2.007957e-05 		8.000996e-03
1.534046e-06	 1.539159e-06	 2.009807e-05 		8.048803e-03
1.539159e-06	 1.544290e-06	 2.007431e-05 		8.072974e-03
1.544290e-06	 1.549437e-06	 2.001251e-05 		8.015671e-03
1.549437e-06	 1.554602e-06	 2.000715e-05 		8.027356e-03
1.554602e-06	 1.559784e-06	 2.000410e-05 		8.050467e-03
1.559784e-06	 1.564983e-06	 2.000851e-05 		8.015505e-03
1.564983e-06	 1.570200e-06	 2.003419e-05 		8.023093e-03
1.570200e-06	 1.575434e-06	 2.064182e-05 		7.981746e-03
1.575434e-06	 1.580685e-06	 2.045721e-05 		8.022371e-03
1.580685e-06	 1.585954e-06	 2.012343e-05 		8.004946e-03
1.585954e-06	 1.591241e-06	 2.000670e-05 		7.974851e-03
1.591241e-06	 1.596545e-06	 2.001336e-05 		8.008490e-03
1.596545e-06	 1.601867e-06	 2.018725e-05 		8.011478e-03
1.601867e-06	 1.607206e-06	 2.043798e-05 		8.022202e-03
1.607206e-06	 1.612564e-06	 2.047457e-05 		7.987882e-03
1.612564e-06	 1.617939e-06	 2.007168e-05 		7.981689e-03
1.617939e-06	 1.623332e-06	 2.001492e-05 		7.997952e-03
1.623332e-06	 1.628743e-06	 2.001802e-05 		7.988750e-03
1.628743e-06	 1.634172e-06	 2.002796e-05 		7.963446e-03
1.634172e-06	 1.639620e-06	 2.004495e-05 		7.999723e-03
1.639620e-06	 1.645085e-06	 2.010208e-05 		7.961327e-03
1.645085e-06	 1.650569e-06	 2.011509e-05 		7.976549e-03
1.650569e-06	 1.656071e-06	 2.007315e-05 		7.983420e-03
1.656071e-06	 1.661591e-06	 2.004309e-05 		7.974653e-03
1.661591e-06	 1.667129e-06	 2.007811e-05 		7.974729e-03
1.667129e-06	 1.672687e-06	 2.004480e-05 		7.978910e-03
1.672687e-06	 1.678262e-06	 2.004571e-05 		7.957377e-03
1.678262e-06	 1.683856e-06	 2.002500e-05 		7.973963e-03
1.683856e-06	 1.689469e-06	 2.001998e-05 		7.988906e-03
1.689469e-06	 1.695101e-06	 2.007886e-05 		7.996298e-03
1.695101e-06	 1.700751e-06	 2.006719e-05 		7.999690e-03
1.700751e-06	 1.706420e-06	 2.011203e-05 		8.006552e-03
1.706420e-06	 1.712108e-06	 2.019414e-05 		7.968860e-03
1.712108e-06	 1.717815e-06	 2.008119e-05 		7.977318e-03
1.717815e-06	 1.723541e-06	 2.010076e-05 		8.024658e-03
1.723541e-06	 1.729287e-06	 2.032411e-05 		8.018191e-03
1.729287e-06	 1.735051e-06	 2.008048e-05 		8.042390e-03
1.735051e-06	 1.740834e-06	 2.027924e-05 		8.073116e-03
1.740834e-06	 1.746637e-06	 2.018637e-05 		7.983375e-03
1.746637e-06	 1.752459e-06	 2.016974e-05 		7.997868e-03
1.752459e-06	 1.758301e-06	 2.030577e-05 		8.048608e-03
1.758301e-06	 1.764162e-06	 2.016851e-05 		8.042949e-03
1.764162e-06	 1.770042e-06	 2.052238e-05 		8.040000e-03
1.770042e-06	 1.775942e-06	 2.082249e-05 		8.104076e-03
1.775942e-06	 1.781862e-06	 2.180466e-05 		8.039568e-03
1.781862e-06	 1.787802e-06	 2.261917e-05 		8.045977e-03
1.787802e-06	 1.793761e-06	 2.333784e-05 		8.061839e-03
1.793761e-06	 1.799740e-06	 2.418838e-05 		8.029275e-03
1.799740e-06	 1.805739e-06	 3.651423e-05 		8.056305e-03
1.805739e-06	 1.811759e-06	 1.000000e+00 		8.061888e-03
1.811759e-06	 1.817798e-06	 1.000000e+00 		8.038340e-03
1.817798e-06	 1.823857e-06	 1.000000e+00 		8.080924e-03
1.823857e-06	 1.829937e-06	 1.000000e+00 		8.020381e-03
1.829937e-06	 1.836036e-06	 1.000000e+00 		8.076782e-03
1.836036e-06	 1.842157e-06	 1.000000e+00 		8.087594e-03
1.842157e-06	 1.848297e-06	 1.000000e+00 		8.121130e-03
1.848297e-06	 1.854458e-06	 1.000000e+00 		8.093840e-03
1.854458e-06	 1.860640e-06	 1.000000e+00 		8.118125e-03
1.860640e-06	 1.866842e-06	 1.000000e+00 		8.162705e-03
1.866842e-06	 1.873065e-06	 1.000000e+00 		8.117395e-03
1.873065e-06	 1.879308e-06	 1.000000e+00 		8.081817e-03
1.879308e-06	 1.885572e-06	 1.000000e+00 		8.080483e-03
1.885572e-06	 1.891858e-06	 1.000000e+00 		8.023287e-03
1.891858e-06	 1.898164e-06	 1.000000e+00 		8.083904e-03
1.898164e-06	 1.904491e-06	 1.000000e+00 		8.086347e-03
1.904491e-06	 1.910839e-06	 1.000000e+00 		8.151794e-03
1.910839e-06	 1.917209e-06	 1.000000e+00 		8.150421e-03
1.917209e-06	 1.923600e-06	 1.000000e+00 		8.066884e-03
1.923600e-06	 1.930012e-06	 5.547642e-05 		8.034575e-03
1.930012e-06	 1.936445e-06	 4.415969e-05 		8.070549e-03
1.936445e-06	 1.942900e-06	 4.310405e-05 		8.057961e-03
1.942900e-06	 1.949376e-06	 3.379627e-05 		8.091040e-03
1.949376e-06	 1.955874e-06	 3.105294e-05 		8.067532e-03
1.955874e-06	 1.962394e-06	 3.500164e-05 		8.138828e-03
1.962394e-06	 1.968935e-06	 2.768607e-05 		8.132271e-03
1.968935e-06	 1.975498e-06	 2.350227e-05 		8.102611e-03
1.975498e-06	 1.982083e-06	 2.134276e-05 		8.059817e-03
1.982083e-06	 1.988690e-06	 2.070184e-05 		8.121756e-03
1.988690e-06	 1.995319e-06	 2.059007e-05 		8.136219e-03
1.995319e-06	 2.001970e-06	 2.660537e-05 		8.089764e-03
2.001970e-06	 2.008643e-06	 3.807418e-05 		8.144772e-03
2.008643e-06	 2.015339e-06	 3.100533e-05 		8.090064e-03
2.015339e-06	 2.022056e-06	 2.765985e-05 		8.063956e-03
2.022056e-06	 2.028797e-06	 2.212059e-05 		8.094207e-03
2.028797e-06	 2.035559e-06	 2.054635e-05 		8.072611e-03
2.035559e-06	 2.042345e-06	 2.056698e-05 		8.075522e-03
2.042345e-06	 2.049152e-06	 2.084561e-05 		8.100012e-03
2.049152e-06	 2.055983e-06	 2.445525e-05 		8.042366e-03
2.055983e-06	 2.062836e-06	 2.330740e-05 		8.080166e-03
2.062836e-06	 2.069712e-06	 2.370777e-05 		8.025546e-03
2.069712e-06	 2.076611e-06	 2.185140e-05 		8.077010e-03
2.076611e-06	 2.083533e-06	 2.054326e-05 		8.020879e-03
2.083533e-06	 2.090478e-06	 2.050419e-05 		8.022283e-03
2.090478e-06	 2.097447e-06	 2.022535e-05 		8.008726e-03
2.097447e-06	 2.104438e-06	 2.016892e-05 		8.007743e-03
2.104438e-06	 2.111453e-06	 2.014179e-05 		8.031646e-03
2.111453e-06	 2.118491e-06	 2.011992e-05 		8.005280e-03
2.118491e-06	 2.125553e-06	 2.012797e-05 		8.015122e-03
2.125553e-06	 2.132638e-06	 2.003781e-05 		8.014134e-03
2.132638e-06	 2.139747e-06	 2.002595e-05 		7.997981e-03
2.139747e-06	 2.146879e-06	 2.002997e-05 		8.018067e-03
2.146879e-06	 2.154036e-06	 2.018175e-05 		8.022152e-03
2.154036e-06	 2.161216e-06	 2.014905e-05 		7.994631e-03
2.161216e-06	 2.168420e-06	 2.014701e-05 		7.993357e-03
2.168420e-06	 2.175648e-06	 2.014261e-05 		7.988812e-03
2.175648e-06	 2.182900e-06	 2.008474e-05 		8.019797e-03
2.182900e-06	 2.190176e-06	 2.034408e-05 		8.025200e-03
2.190176e-06	 2.197477e-06	 2.008869e-05 		8.001260e-03
2.197477e-06	 2.204802e-06	 2.046814e-05 		7.988363e-03
2.204802e-06	 2.212151e-06	 2.012292e-05 		7.996443e-03
2.212151e-06	 2.219525e-06	 2.008352e-05 		7.993466e-03
2.219525e-06	 2.226923e-06	 2.013557e-05 		7.996109e-03
2.226923e-06	 2.234346e-06	 2.016051e-05 		7.998967e-03
2.234346e-06	 2.241794e-06	 2.022654e-05 		8.067783e-03
2.241794e-06	 2.249267e-06	 2.019491e-05 		8.029702e-03
2.249267e-06	 2.256764e-06	 2.035609e-05 		8.033903e-03
2.256764e-06	 2.264287e-06	 2.044182e-05 		8.038337e-03
2.264287e-06	 2.271835e-06	 2.038409e-05 		7.993486e-03
2.271835e-06	 2.279407e-06	 2.042465e-05 		8.038388e-03
2.279407e-06	 2.287005e-06	 2.039034e-05 		7.996993e-03
2.287005e-06	 2.294629e-06	 2.038525e-05 		8.018971e-03
2.294629e-06	 2.302278e-06	 2.085337e-05 		8.053171e-03
2.302278e-06	 2.309952e-06	 2.065074e-05 		7.996523e-03
2.309952e-06	 2.317652e-06	 2.016928e-05 		8.014174e-03
2.317652e-06	 2.325377e-06	 2.091937e-05 		8.018188e-03
2.325377e-06	 2.333128e-06	 2.055801e-05 		8.029794e-03
2.333128e-06	 2.340906e-06	 2.080114e-05 		8.104008e-03
2.340906e-06	 2.348709e-06	 2.124009e-05 		8.092563e-03
2.348709e-06	 2.356538e-06	 2.178396e-05 		8.003986e-03
2.356538e-06	 2.364393e-06	 2.077716e-05 		8.052304e-03
2.364393e-06	 2.372274e-06	 2.161316e-05 		8.035274e-03
2.372274e-06	 2.380182e-06	 2.140072e-05 		8.024033e-03
2.380182e-06	 2.388116e-06	 2.178389e-05 		8.039852e-03
2.388116e-06	 2.396076e-06	 2.098987e-05 		8.017486e-03
2.396076e-06	 2.404063e-06	 2.096835e-05 		8.087205e-03
2.404063e-06	 2.412076e-06	 2.205151e-05 		8.005787e-03
2.412076e-06	 2.420117e-06	 2.307448e-05 		8.118124e-03
2.420117e-06	 2.428184e-06	 2.123829e-05 		8.028613e-03
2.428184e-06	 2.436278e-06	 2.101668e-05 		8.151761e-03
2.436278e-06	 2.444399e-06	 2.084487e-05 		8.019390e-03
2.444399e-06	 2.452547e-06	 2.781281e-05 		8.044424e-03