# Attached is a curve which if you do the following will calculate the S/N of an input spectrum when it is in units of f_lambda (ergs/s/Ang/cm^2).
# S/N = (attached curve) * input spectrum * (exptime in seconds)^0.5
# From Peter Nugent Aug 19, 2018, shared by Don Neill
3700 2.9026421e+14
3725.6 3.0156124e+14
3751.1 3.1281414e+14
3776.7 3.2411117e+14
3802.3 3.3288583e+14
3827.9 3.4256153e+14
3853.4 3.504652e+14
3879 3.5754679e+14
3904.6 3.5989861e+14
3930.1 3.8057122e+14
3955.7 3.8842117e+14
3981.3 3.9773504e+14
4006.8 4.0168808e+14
4032.4 4.0938577e+14
4058 4.3429442e+14
4083.6 4.4646915e+14
4109.1 4.6091987e+14
4134.7 4.8200362e+14
4160.3 4.9716962e+14
4185.8 5.0706565e+14
4211.4 5.2148673e+14
4237 5.3837121e+14
4262.6 5.5830001e+14
4288.1 5.7857476e+14
4313.7 6.0410152e+14
4339.3 6.1168587e+14
4364.8 6.212947e+14
4390.4 6.2723934e+14
4416 6.4355859e+14
4441.6 6.5994063e+14
4467.1 6.7674637e+14
4492.7 7.014982e+14
4518.3 7.1709434e+14
4543.8 7.2789267e+14
4569.4 7.4332228e+14
4595 7.739371e+14
4620.5 7.8725712e+14
4646.1 8.1154741e+14
4671.7 8.3394596e+14
4697.3 8.4938406e+14
4722.8 8.682144e+14
4748.4 8.8081947e+14
4774 8.9590567e+14
4799.5 8.9764126e+14
4825.1 9.0836824e+14
4850.7 9.1200539e+14
4876.3 9.1805139e+14
4901.8 9.3058578e+14
4927.4 9.5851227e+14
4953 9.7526734e+14
4978.5 9.9611617e+14
5004.1 1.0061403e+15
5029.7 1.0189928e+15
5055.3 1.03717e+15
5080.8 1.0457312e+15
5106.4 1.061947e+15
5132 1.0800359e+15
5157.5 1.0892025e+15
5183.1 1.1017843e+15
5208.7 1.1076504e+15
5234.2 1.1238307e+15
5259.8 1.1265693e+15
5285.4 1.1529324e+15
5311 1.1656283e+15
5336.5 1.1745156e+15
5362.1 1.1935412e+15
5387.7 1.2071487e+15
5413.2 1.2155781e+15
5438.8 1.2365081e+15
5464.4 1.2529102e+15
5490 1.2674419e+15
5515.5 1.2812205e+15
5541.1 1.2990969e+15
5566.7 1.3091169e+15
5592.2 1.3146733e+15
5617.8 1.3340462e+15
5643.4 1.3498198e+15
5668.9 1.3676004e+15
5694.5 1.3705562e+15
5720.1 1.39647e+15
5745.7 1.4052911e+15
5771.2 1.4123787e+15
5796.8 1.4347902e+15
5822.4 1.4566353e+15
5847.9 1.4652537e+15
5873.5 1.4817223e+15
5899.1 1.4919445e+15
5924.7 1.5089523e+15
5950.2 1.5281409e+15
5975.8 1.5373372e+15
6001.4 1.5448951e+15
6026.9 1.5556297e+15
6052.5 1.5692465e+15
6078.1 1.5864977e+15
6103.7 1.6007055e+15
6129.2 1.6083874e+15
6154.8 1.6259791e+15
6180.4 1.6430489e+15
6205.9 1.6547275e+15
6231.5 1.6600018e+15
6257.1 1.6696329e+15
6282.6 1.6931857e+15
6308.2 1.7101138e+15
6333.8 1.7170587e+15
6359.4 1.7278922e+15
6384.9 1.7391241e+15
6410.5 1.7529474e+15
6436.1 1.7682796e+15
6461.6 1.7752358e+15
6487.2 1.7884242e+15
6512.8 1.8046071e+15
6538.4 1.8207901e+15
6563.9 1.8345456e+15
6589.5 1.8474919e+15
6615.1 1.8628657e+15
6640.6 1.8646425e+15
6666.2 1.8784709e+15
6691.8 1.8862406e+15
6717.4 1.8877037e+15
6742.9 1.9062848e+15
6768.5 1.918378e+15
6794.1 1.9267884e+15
6819.6 1.9325129e+15
6845.2 1.9430266e+15
6870.8 1.9585767e+15
6896.3 1.9697874e+15
6921.9 1.9774392e+15
6947.5 1.9782603e+15
6973.1 1.9812245e+15
6998.6 1.988462e+15
7024.2 1.9983187e+15
7049.8 1.9995521e+15
7075.3 2.0088519e+15
7100.9 2.0088519e+15
7126.5 2.0172853e+15
7152.1 2.0264238e+15
7177.6 2.0286537e+15
7203.2 2.0399505e+15
7228.8 2.0399505e+15
7254.3 2.0399505e+15
7279.9 2.0414707e+15
7305.5 2.0441797e+15
7331.1 2.0448102e+15
7356.6 2.0520663e+15
7382.2 2.0520663e+15
7407.8 2.0597527e+15
7433.3 2.0633612e+15
7458.9 2.0597527e+15
7484.5 2.0597527e+15
7510 2.0574953e+15
7535.6 2.0573203e+15
7561.2 2.0569281e+15
7586.8 2.056377e+15
7612.3 2.0560654e+15
7637.9 2.0557956e+15
7663.5 2.0547913e+15
7689 2.0547913e+15
7714.6 2.0542464e+15
7740.2 2.0542464e+15
7765.8 2.0593587e+15
7791.3 2.0593587e+15
7816.9 2.048759e+15
7842.5 2.0423558e+15
7868 2.041159e+15
7893.6 2.0319851e+15
7919.2 2.0290632e+15
7944.7 2.0265822e+15
7970.3 2.0223757e+15
7995.9 2.0223757e+15
8021.5 2.0173279e+15
8047 2.0155351e+15
8072.6 2.0006139e+15
8098.2 1.9985109e+15
8123.7 1.9797144e+15
8149.3 1.9766027e+15
8174.9 1.9748009e+15
8200.5 1.9726607e+15
8226 1.9666917e+15
8251.6 1.957879e+15
8277.2 1.9524609e+15
8302.7 1.9516242e+15
8328.3 1.9402044e+15
8353.9 1.9402044e+15
8379.5 1.9250871e+15
8405 1.9228028e+15
8430.6 1.9100354e+15
8456.2 1.9100354e+15
8481.7 1.9033456e+15
8507.3 1.9100354e+15
8532.9 1.9100354e+15
8558.4 1.8966972e+15
8584 1.8920473e+15
8609.6 1.8920473e+15
8635.2 1.8911049e+15
8660.7 1.8668125e+15
8686.3 1.8668125e+15
8711.9 1.8668125e+15
8737.4 1.889332e+15
8763 1.889332e+15
8788.6 1.889332e+15
8814.2 1.8857909e+15
8839.7 1.8813874e+15
8865.3 1.8535672e+15
8890.9 1.8432867e+15
8916.4 1.8418118e+15
8942 1.8317618e+15
8967.6 1.8184144e+15
8993.2 1.817613e+15
9018.7 1.8138342e+15
9044.3 1.8113928e+15
9069.9 1.8010671e+15
9095.4 1.7998317e+15
9121 1.7969531e+15
9146.6 1.786576e+15
9172.1 1.786576e+15
9197.7 1.7844543e+15
9223.3 1.7793305e+15
9248.9 1.7738963e+15
9274.4 1.7684833e+15
9300 1.7630491e+15

