14587.94881781  -0.01414482
14589.5833193727  -0.004450767
14591.2178209354  -0.02336179
14592.852322498  0.02901278
14594.4868240607  0.2710986
14596.1213256234  0.3139167
14597.7558271861  0.3422602
14599.3903287488  0.4439374
14601.0248303114  2.739424
14602.6593318741  10.69212
14604.2938334368  16.67359
14605.9283349995  15.98238
14607.5628365621  8.605835
14609.1973381248  3.451819
14610.8318396875  1.496017
14612.4663412502  0.8446841
14614.1008428129  0.7597821
14615.7353443755  1.762029
14617.3698459382  1.262944
14619.0043475009  0.5862041
14620.6388490636  0.4284205
14622.2733506262  1.015341
14623.9078521889  0.6126056
14625.5423537516  0.4414227
14627.1768553143  0.4995533
14628.8113568769  0.5184346
14630.4458584396  0.5092725
14632.0803600023  0.5093164
14633.714861565  0.5228988
14635.3493631277  0.6184942
14636.9838646903  0.7465178
14638.618366253  0.690641
14640.2528678157  0.5561373
14641.8873693784  0.4425853
14643.521870941  0.5128375
14645.1563725037  0.6726232
14646.7908740664  0.6640672
14648.4253756291  0.608808
14650.0598771918  0.6167488
14651.6943787544  0.7084453
14653.3288803171  0.8197608
14654.9633818798  0.9409721
14656.5978834425  1.001786
14658.2323850051  0.8805218
14659.8668865678  0.7152852
14661.5013881305  2.426347
14663.1358896932  7.239188
14664.7703912558  10.55559
14666.4048928185  9.072614
14668.0393943812  4.501142
14669.6738959439  1.637444
14671.3083975066  0.8855432
14672.9428990692  0.6270617
14674.5774006319  0.4488967
14676.2119021946  0.440985
14677.8464037573  0.5456862
14679.4809053199  0.746504
14681.1154068826  0.8880088
14682.7499084453  0.8386142
14684.384410008  0.6029243
14686.0189115707  0.4453797
14687.6534131333  0.4180751
14689.287914696  0.4704392
14690.9224162587  0.5927716
14692.5569178214  0.7485785
14694.191419384  3.646495
14695.8259209467  16.71454
14697.4604225094  31.55631
14699.0949240721  34.31216
14700.7294256348  22.3522
14702.3639271974  9.14936
14703.9984287601  3.212671
14705.6329303228  1.145997
14707.2674318855  0.6595653
14708.9019334481  0.5441034
14710.5364350108  0.8321832
14712.1709365735  0.9298111
14713.8054381362  4.307145
14715.4399396988  3.939007
14717.0744412615  0.8003957
14718.7089428242  0.9003905
14720.3434443869  0.6401926
14721.9779459496  0.4663892
14723.6124475122  0.3987793
14725.2469490749  0.3788351
14726.8814506376  0.3863112
14728.5159522003  0.4769128
14730.1504537629  0.5812102
14731.7849553256  0.6557238
14733.4194568883  0.6542916
14735.053958451  0.6496329
14736.6884600137  2.402943
14738.3229615763  6.225435
14739.957463139  8.95005
14741.5919647017  7.637216
14743.2264662644  3.824172
14744.860967827  1.414295
14746.4954693897  0.6454833
14748.1299709524  0.4921032
14749.7644725151  0.4580191
14751.3989740778  0.7962654
14753.0334756404  2.2393
14754.6679772031  3.996744
14756.3024787658  4.272919
14757.9369803285  3.002573
14759.5714818911  1.638502
14761.2059834538  1.095484
14762.8404850165  0.759613
14764.4749865792  0.5636863
14766.1094881418  0.5507885
14767.7439897045  1.051122
14769.3784912672  4.281667
14771.0129928299  9.218309
14772.6474943926  11.03008
14774.2819959552  8.217223
14775.9164975179  2.892189
14777.5509990806  5.420455
14779.1855006433  8.700492
14780.8200022059  8.287328
14782.4545037686  19.1722
14784.0890053313  22.21714
14785.723506894  15.27293
14787.3580084567  5.71458
14788.9925100193  2.156003
14790.627011582  1.816625
14792.2615131447  2.02391
14793.8960147074  1.691405
14795.53051627  3.194976
14797.1650178327  10.60607
14798.7995193954  19.78927
14800.4340209581  21.41441
14802.0685225208  15.54342
14803.7030240834  11.47086
14805.3375256461  11.17377
14806.9720272088  9.345554
14808.6065287715  4.915133
14810.2410303341  2.056926
14811.8755318968  1.13101
14813.5100334595  0.9487299
14815.1445350222  0.7664858
14816.7790365848  0.5895498
14818.4135381475  0.4766179
14820.0480397102  0.4756011
14821.6825412729  0.5306573
14823.3170428356  0.5811479
14824.9515443982  0.7514306
14826.5860459609  1.221947
14828.2205475236  3.029149
14829.8550490863  14.62937
14831.4895506489  37.10843
14833.1240522116  46.98766
14834.7585537743  37.54931
14836.393055337  17.1339
14838.0275568997  3.972115
14839.6620584623  0.9402679
14841.296560025  0.6542602
14842.9310615877  0.6140504
14844.5655631504  0.5544062
14846.200064713  0.5051441
14847.8345662757  0.5462216
14849.4690678384  0.5652578
14851.1035694011  0.5430582
14852.7380709638  0.5057333
14854.3725725264  0.5036542
14856.0070740891  0.666998
14857.6415756518  1.027251
14859.2760772145  1.460385
14860.9105787771  5.068604
14862.5450803398  14.06887
14864.1795819025  19.17269
14865.8140834652  16.24787
14867.4485850278  7.388365
14869.0830865905  2.460323
14870.7175881532  0.9379538
14872.3520897159  0.6576034
14873.9865912786  0.5923166
14875.6210928412  0.6561651
14877.2555944039  0.8008094
14878.8900959666  0.9585041
14880.5245975293  1.155841
14882.1590990919  2.005507
14883.7936006546  11.51038
14885.4281022173  40.39123
14887.06260378  64.5281
14888.6971053427  60.45323
14890.3316069053  30.66263
14891.966108468  8.96367
14893.6006100307  1.821674
14895.2351115934  0.8354259
14896.869613156  0.6795086
14898.5041147187  0.5837904
14900.1386162814  0.6241406
14901.7731178441  0.1206943
14903.4076194068  3.135947
14905.0421209694  13.25202
14906.6766225321  5.685402
14908.3111240948  7.563732
14909.9456256575  7.609991
14911.5801272201  4.590014
14913.2146287828  1.823578
14914.8491303455  0.7951477
14916.4836319082  0.6430694
14918.1181334708  0.6839171
14919.7526350335  0.6785902
14921.3871365962  0.6808119
14923.0216381589  0.663331
14924.6561397216  0.7008298
14926.2906412842  0.8059076
14927.9251428469  3.572324
14929.5596444096  13.83449
14931.1941459723  23.1716
14932.8286475349  22.79803
14934.4631490976  12.27892
14936.0976506603  4.070571
14937.732152223  1.478308
14939.3666537857  1.235028
14941.0011553483  0.7292143
14942.635656911  3.185885
14944.2701584737  14.49314
14945.9046600364  2.294817
14947.539161599  0.2678134
14949.1736631617  0.6021914
14950.8081647244  0.6336892
14952.4426662871  0.714877
14954.0771678497  0.7840837
14955.7116694124  0.8284367
14957.3461709751  0.8275378
14958.9806725378  0.803611
14960.6151741005  0.9038656
14962.2496756631  0.9815606
14963.8841772258  1.104214
14965.5186787885  1.046796
14967.1531803512  0.85315
14968.7876819138  0.7098317
14970.4221834765  0.7036791
14972.0566850392  0.6765152
14973.6911866019  0.672054
14975.3256881646  0.6905976
14976.9601897272  0.6862541
14978.5946912899  0.6356323
14980.2291928526  0.6187692
14981.8636944153  0.6408949
14983.4981959779  0.6755512
14985.1326975406  0.6911128
14986.7671991033  0.7415496
14988.401700666  0.7639866
14990.0362022287  0.8576006
14991.6707037913  0.9658032
14993.305205354  0.956731
14994.9397069167  0.9097678
14996.5742084794  0.7956334
14998.208710042  0.7456307
14999.8432116047  0.7638474
15001.4777131674  0.9014513
15003.1122147301  1.422186
15004.7467162927  2.53182
15006.3812178554  2.919883
15008.0157194181  2.633067
15009.6502209808  1.761917
15011.2847225435  1.131259
15012.9192241061  0.8638772
15014.5537256688  0.8031129
15016.1882272315  0.7806607
15017.8227287942  0.7654997
15019.4572303568  0.7868158
15021.0917319195  0.9915143
15022.7262334822  1.757222
15024.3607350449  2.869957
15025.9952366076  3.345419
15027.6297381702  2.768963
15029.2642397329  1.711282
15030.8987412956  0.9922825
15032.5332428583  0.6884935
15034.1677444209  1.267886
15035.8022459836  5.434858
15037.4367475463  1.717334
15039.071249109  0.7084429
15040.7057506717  0.958868
15042.3402522343  0.9887986
15043.974753797  1.055128
15045.6092553597  1.274354
15047.2437569224  1.84148
15048.878258485  4.421695
15050.5127600477  16.67308
15052.1472616104  63.26749
15053.7817631731  158.591
15055.4162647357  201.1744
15057.0507662984  157.2021
15058.6852678611  62.58847
15060.3197694238  15.02252
15061.9542709865  6.941524
15063.5887725491  8.333228
15065.2232741118  16.74278
15066.8577756745  42.10201
15068.4922772372  61.40715
15070.1267787998  55.8826
15071.7612803625  27.32468
15073.3957819252  7.648491
15075.0302834879  2.011796
15076.6647850506  1.381664
15078.2992866132  1.827929
15079.9337881759  2.440285
15081.5682897386  3.043448
15083.2027913013  3.591552
15084.8372928639  7.153962
15086.4717944266  14.12836
15088.1062959893  18.7228
15089.740797552  15.67243
15091.3752991147  8.238299
15093.0098006773  3.014761
15094.64430224  1.402968
15096.2788038027  1.260644
15097.9133053654  1.388556
15099.547806928  1.36575
15101.1823084907  1.201706
15102.8168100534  1.123809
15104.4513116161  1.410863
15106.0858131787  1.842153
15107.7203147414  2.017239
15109.3548163041  2.459553
15110.9893178668  3.415721
15112.6238194295  4.582361
15114.2583209921  4.672869
15115.8928225548  3.732487
15117.5273241175  2.313816
15119.1618256802  1.12143
15120.7963272428  1.19839
15122.4308288055  5.483195
15124.0653303682  1.816447
15125.6998319309  0.6932713
15127.3343334936  0.878538
15128.9688350562  0.9026257
15130.6033366189  1.026114
15132.2378381816  1.261139
15133.8723397443  1.505829
15135.5068413069  1.491152
15137.1413428696  1.260601
15138.7758444323  1.106696
15140.410345995  1.221475
15142.0448475577  1.384763
15143.6793491203  1.497131
15145.313850683  1.539109
15146.9483522457  1.646125
15148.5828538084  1.892059
15150.217355371  2.028358
15151.8518569337  1.813602
15153.4863584964  1.386078
15155.1208600591  1.012721
15156.7553616217  0.7847522
15158.3898631844  0.7263626
15160.0243647471  0.694209
15161.6588663098  0.7120583
15163.2933678725  0.75757
15164.9278694351  0.7461315
15166.5623709978  0.8054026
15168.1968725605  0.8235156
15169.8313741232  0.7893266
15171.4658756858  0.8056147
15173.1003772485  0.8120468
15174.7348788112  0.80735
15176.3693803739  0.8387359
15178.0038819366  0.9712175
15179.6383834992  1.058885
15181.2728850619  1.584635
15182.9073866246  7.165274
15184.5418881873  21.19827
15186.1763897499  39.78859
15187.8108913126  42.19506
15189.4453928753  24.25242
15191.079894438  7.245706
15192.7143960006  1.61319
15194.3488975633  0.9002573
15195.983399126  1.051907
15197.6179006887  2.957479
15199.2524022514  1.129092
15200.886903814  0.6434931
15202.5214053767  0.7645351
15204.1559069394  0.99151
15205.7904085021  1.252465
15207.4249100647  1.309166
15209.0594116274  1.171951
15210.6939131901  0.8747797
15212.3284147528  0.7661214
15213.9629163155  0.9871627
15215.5974178781  0.7545201
15217.2319194408  0.7078018
15218.8664210035  0.7657011
15220.5009225662  0.7304523
15222.1354241288  0.8916029
15223.7699256915  2.082936
15225.4044272542  1.182088
15227.0389288169  0.8351722
15228.6734303796  0.9589562
15230.3079319422  1.06171
15231.9424335049  1.232741
15233.5769350676  1.565505
15235.2114366303  2.203252
15236.8459381929  15.06629
15238.4804397556  75.61967
15240.1149413183  139.1876
15241.749442881  142.1328
15243.3839444436  76.82947
15245.0184460063  19.75043
15246.652947569  3.203282
15248.2874491317  1.488151
15249.9219506944  1.167912
15251.556452257  1.097471
15253.1909538197  1.226135
15254.8254553824  1.340346
15256.4599569451  1.066555
15258.0944585077  0.8936886
15259.7289600704  0.7979658
15261.3634616331  0.8075976
15262.9979631958  0.8654072
15264.6324647585  1.018716
15266.2669663211  1.282326
15267.9014678838  1.352315
15269.5359694465  1.373634
15271.1704710092  1.17196
15272.8049725718  0.9215165
15274.4394741345  0.9944094
15276.0739756972  0.7843962
15277.7084772599  0.8063337
15279.3429788226  1.012799
15280.9774803852  1.46588
15282.6119819479  2.763467
15284.2464835106  12.51417
15285.8809850733  39.08926
15287.5154866359  56.36049
15289.1499881986  47.68155
15290.7844897613  19.90639
15292.418991324  4.578373
15294.0534928867  1.3533
15295.6879944493  0.9345452
15297.322496012  0.82401
15298.9569975747  0.7500208
15300.5914991374  0.7415714
15302.2260007  0.7763968
15303.8605022627  0.5158689
15305.4950038254  2.065135
15307.1295053881  8.848405
15308.7640069507  3.23012
15310.3985085134  2.800074
15312.0330100761  2.603271
15313.6675116388  1.519222
15315.3020132015  0.9476374
15316.9365147641  0.815746
15318.5710163268  0.818391
15320.2055178895  0.8365909
15321.8400194522  0.9250616
15323.4745210148  1.149263
15325.1090225775  1.498612
15326.7435241402  2.297985
15328.3780257029  18.82389
15330.0125272656  84.53364
15331.6470288282  151.384
15333.2815303909  149.607
15334.9160319536  77.64359
15336.5505335163  17.93286
15338.1850350789  2.898632
15339.8195366416  1.514698
15341.4540382043  1.157036
15343.088539767  0.9681902
15344.7230413296  1.164593
15346.3575428923  2.368543
15347.992044455  3.822389
15349.6265460177  3.895993
15351.2610475804  2.421015
15352.895549143  1.131379
15354.5300507057  0.8367579
15356.1645522684  0.8410777
15357.7990538311  0.7898797
15359.4335553937  0.6841468
15361.0680569564  0.660867
15362.7025585191  0.6766682
15364.3370600818  0.658317
15365.9715616445  0.6342782
15367.6060632071  0.6600633
15369.2405647698  0.8578518
15370.8750663325  1.595974
15372.5095678952  2.893698
15374.1440694578  4.608649
15375.7785710205  5.860616
15377.4130725832  5.736201
15379.0475741459  4.141779
15380.6820757086  2.356686
15382.3165772712  1.239853
15383.9510788339  1.207924
15385.5855803966  2.374391
15387.2200819593  3.599039
15388.8545835219  4.891317
15390.4890850846  7.644207
15392.1235866473  14.30413
15393.75808821  36.24418
15395.3925897726  46.2583
15397.0270913353  33.94051
15398.661592898  11.33243
15400.2960944607  2.223241
15401.9305960234  1.414986
15403.565097586  2.220172
15405.1995991487  3.152766
15406.8341007114  3.409303
15408.4686022741  2.88141
15410.1031038367  2.583338
15411.7376053994  2.385742
15413.3721069621  1.951713
15415.0066085248  1.24578
15416.6411100875  0.9167307
15418.2756116501  0.9373115
15419.9101132128  1.296046
15421.5446147755  1.820799
15423.1791163382  2.184767
15424.8136179008  2.437793
15426.4481194635  2.776999
15428.0826210262  14.30521
15429.7171225889  56.56379
15431.3516241516  103.4307
15432.9861257142  102.266
15434.6206272769  55.46051
15436.2551288396  13.7884
15437.8896304023  3.683949
15439.5241319649  2.635065
15441.1586335276  1.81352
15442.7931350903  1.047898
15444.427636653  0.8030471
15446.0621382156  0.7484076
15447.6966397783  0.7344112
15449.331141341  0.7088611
15450.9656429037  0.6470326
15452.6001444664  0.6501238
15454.234646029  0.7117484
15455.8691475917  0.6894825
15457.5036491544  0.843655
15459.1381507171  2.118266
15460.7726522797  4.221407
15462.4071538424  4.977591
15464.0416554051  3.69987
15465.6761569678  2.04538
15467.3106585305  1.839999
15468.9451600931  1.801168
15470.5796616558  1.704173
15472.2141632185  2.528112
15473.8486647812  3.504182
15475.4831663438  3.184152
15477.1176679065  1.772324
15478.7521694692  0.8529685
15480.3866710319  0.6849869
15482.0211725946  0.6301382
15483.6556741572  0.7231032
15485.2901757199  1.623008
15486.9246772826  3.349273
15488.5591788453  4.227574
15490.1936804079  3.243053
15491.8281819706  1.545876
15493.4626835333  0.9620557
15495.097185096  1.021948
15496.7316866587  2.195167
15498.3661882213  7.091601
15500.000689784  12.86762
15501.6351913467  12.92406
15503.2696929094  7.401583
15504.904194472  2.656965
15506.5386960347  7.53134
15508.1731975974  19.75488
15509.8076991601  26.03334
15511.4422007227  19.22511
15513.0767022854  7.189703
15514.7112038481  3.979746
15516.3457054108  7.320251
15517.9802069735  8.616659
15519.6147085361  5.908073
15521.2492100988  2.222146
15522.8837116615  0.8229362
15524.5182132242  0.687087
15526.1527147868  0.6620956
15527.7872163495  0.6679539
15529.4217179122  0.6993262
15531.0562194749  0.7619838
15532.6907210376  0.9210122
15534.3252226002  1.080502
15535.9597241629  4.907655
15537.5942257256  22.53834
15539.2287272883  46.4752
15540.8632288509  52.1099
15542.4977304136  39.48869
15544.1322319763  33.91179
15545.766733539  37.92648
15547.4012351016  31.21332
15549.0357366643  13.60186
15550.670238227  2.559835
15552.3047397897  1.07329
15553.9392413524  0.9018177
15555.573742915  0.8133039
15557.2082444777  0.8089685
15558.8427460404  1.175184
15560.4772476031  1.740058
15562.1117491657  1.999252
15563.7462507284  1.605891
15565.3807522911  2.908461
15567.0152538538  6.77125
15568.6497554165  13.56059
15570.2842569791  17.73094
15571.9187585418  12.81067
15573.5532601045  4.969655
15575.1877616672  1.647218
15576.8222632298  1.284128
15578.4567647925  1.346759
15580.0912663552  1.5602
15581.7257679179  1.592031
15583.3602694805  1.223395
15584.9947710432  0.8090904
15586.6292726059  0.7657067
15588.2637741686  0.8296381
15589.8982757313  0.9641182
15591.5327772939  1.197224
15593.1672788566  3.756343
15594.8017804193  27.04304
15596.436281982  60.38059
15598.0707835446  69.46863
15599.7052851073  41.9445
15601.33978667  11.01352
15602.9742882327  1.458306
15604.6087897954  1.062518
15606.243291358  0.8308575
15607.8777929207  0.7100238
15609.5122944834  0.8802629
15611.1467960461  1.508804
15612.7812976087  2.011183
15614.4157991714  1.830002
15616.0503007341  1.195682
15617.6848022968  0.9757931
15619.3193038595  1.170484
15620.9538054221  1.208355
15622.5883069848  0.9961475
15624.2228085475  0.8606887
15625.8573101102  1.077735
15627.4918116728  4.391456
15629.1263132355  21.13706
15630.7608147982  37.2674
15632.3953163609  36.09535
15634.0298179236  17.77241
15635.6643194862  3.811915
15637.2988210489  0.9947705
15638.9333226116  1.296803
15640.5678241743  1.409282
15642.2023257369  1.397208
15643.8368272996  1.420534
15645.4713288623  1.198882
15647.105830425  1.395224
15648.7403319876  1.558892
15650.3748335503  3.805038
15652.009335113  32.11114
15653.6438366757  84.16113
15655.2783382384  107.8125
15656.912839801  78.0264
15658.5473413637  29.79025
15660.1818429264  7.215019
15661.8163444891  2.090563
15663.4508460517  1.096109
15665.0853476144  0.9313182
15666.7198491771  0.8025261
15668.3543507398  0.7271163
15669.9888523025  0.6782507
15671.6233538651  0.6807562
15673.2578554278  0.7189606
15674.8923569905  0.6920637
15676.5268585532  0.7148461
15678.1613601158  0.8183333
15679.7958616785  1.057906
15681.4303632412  1.36997
15683.0648648039  1.568291
15684.6993663666  1.471793
15686.3338679292  1.259414
15687.9683694919  1.067221
15689.6028710546  0.9816289
15691.2373726173  0.8865971
15692.8718741799  0.8711933
15694.5063757426  0.9375891
15696.1408773053  1.290188
15697.775378868  2.439129
15699.4098804306  10.25167
15701.0443819933  25.90486
15702.678883556  31.45037
15704.3133851187  22.42059
15705.9478866814  6.761374
15707.582388244  1.374303
15709.2168898067  1.21007
15710.8513913694  1.346842
15712.4858929321  1.303414
15714.1203944947  1.490939
15715.7548960574  0.8826329
15717.3893976201  0.9592674
15719.0238991828  1.31461
15720.6584007455  1.652435
15722.2929023081  2.085876
15723.9274038708  2.503788
15725.5619054335  2.297447
15727.1964069962  1.461315
15728.8309085588  1.117143
15730.4654101215  1.48769
15732.0999116842  1.89596
15733.7344132469  1.822988
15735.3689148095  1.653096
15737.0034163722  1.905425
15738.6379179349  1.981588
15740.2724194976  1.601369
15741.9069210603  0.924539
15743.5414226229  0.79121
15745.1759241856  1.192078
15746.8104257483  1.389237
15748.444927311  1.377707
15750.0794288736  1.562172
15751.7139304363  1.690095
15753.348431999  1.423244
15754.9829335617  0.9680557
15756.6174351244  1.373206
15758.251936687  3.465938
15759.8864382497  5.154284
15761.5209398124  4.715531
15763.1554413751  3.129917
15764.7899429377  2.449684
15766.4244445004  2.438368
15768.0589460631  1.825873
15769.6934476258  1.064488
15771.3279491885  0.8575744
15772.9624507511  1.191493
15774.5969523138  1.392828
15776.2314538765  1.512133
15777.8659554392  2.50572
15779.5004570018  4.862763
15781.1349585645  6.97318
15782.7694601272  6.488052
15784.4039616899  3.944417
15786.0384632525  1.745237
15787.6729648152  0.9856736
15789.3074663779  1.030945
15790.9419679406  1.367054
15792.5764695033  1.755017
15794.2109710659  1.816568
15795.8454726286  1.470582
15797.4799741913  1.029653
15799.114475754  1.312687
15800.7489773166  2.87626
15802.3834788793  4.906301
15804.017980442  5.672782
15805.6524820047  6.56398
15807.2869835674  8.457046
15808.92148513  8.795115
15810.5559866927  6.593903
15812.1904882554  3.318938
15813.8249898181  1.046141
15815.4594913807  0.8297811
15817.0939929434  0.8149725
15818.7284945061  0.8868722
15820.3629960688  1.070032
15821.9974976315  1.462952
15823.6319991941  1.885289
15825.2665007568  2.514161
15826.9010023195  8.301762
15828.5355038822  25.66772
15830.1700054448  106.5889
15831.8045070075  237.7722
15833.4390085702  278.6393
15835.0735101329  183.5012
15836.7080116955  50.61489
15838.3425132582  5.737191
15839.9770148209  7.414889
15841.6115163836  10.02327
15843.2460179463  11.37429
15844.8805195089  30.68951
15846.5150210716  72.0234
15848.1495226343  92.82532
15849.784024197  65.90275
15851.4185257596  21.42894
15853.0530273223  3.229982
15854.687528885  2.201047
15856.3220304477  1.741904
15857.9565320104  1.69426
15859.591033573  2.292824
15861.2255351357  3.333425
15862.8600366984  3.669241
15864.4945382611  4.31132
15866.1290398237  11.00538
15867.7635413864  22.76621
15869.3980429491  27.86197
15871.0325445118  20.50203
15872.6670460745  9.092467
15874.3015476371  3.383832
15875.9360491998  2.218057
15877.5705507625  1.497638
15879.2050523252  1.146211
15880.8395538878  1.437545
15882.4740554505  1.63753
15884.1085570132  1.49065
15885.7430585759  1.434749
15887.3775601386  2.084366
15889.0120617012  2.745634
15890.6465632639  2.692702
15892.2810648266  2.79605
15893.9155663893  4.871161
15895.5500679519  8.090754
15897.1845695146  9.913758
15898.8190710773  8.296079
15900.45357264  5.19211
15902.0880742026  2.621963
15903.7225757653  1.348204
15905.357077328  0.8290957
15906.9915788907  0.6252344
15908.6260804534  0.6830466
15910.260582016  0.8921576
15911.8950835787  1.533591
15913.5295851414  2.455987
15915.1640867041  3.349539
15916.7985882667  3.185081
15918.4330898294  2.157704
15920.0675913921  1.051296
15921.7020929548  0.8792984
15923.3365945175  1.270944
15924.9710960801  1.488721
15926.6055976428  1.555515
15928.2400992055  1.663837
15929.8746007682  1.667258
15931.5091023308  1.547697
15933.1436038935  1.594372
15934.7781054562  1.761403
15936.4126070189  1.644499
15938.0471085815  1.174317
15939.6816101442  0.8509543
15941.3161117069  0.734397
15942.9506132696  0.7372269
15944.5851148323  0.7939352
15946.2196163949  0.8337009
15947.8541179576  0.8120263
15949.4886195203  0.7376442
15951.123121083  0.6977339
15952.7576226456  0.759863
15954.3921242083  1.149776
15956.026625771  6.001853
15957.6611273337  2.019544
15959.2956288964  0.6380445
15960.930130459  2.387328
15962.5646320217  1.144972
15964.1991335844  0.7908251
15965.8336351471  1.004236
15967.4681367097  1.556137
15969.1026382724  10.93452
15970.7371398351  42.08137
15972.3716413978  60.14722
15974.0061429604  49.11739
15975.6406445231  16.71184
15977.2751460858  2.483096
15978.9096476485  1.118031
15980.5441492112  0.9731894
15982.1786507738  0.9096904
15983.8131523365  0.9025589
15985.4476538992  0.8602375
15987.0821554619  0.7536147
15988.7166570245  0.7459124
15990.3511585872  0.7478555
15991.9856601499  0.8115361
15993.6201617126  0.919019
15995.2546632753  0.8206341
15996.8891648379  0.7248598
15998.5236664006  0.6460046
16000.1581679633  0.7055706
16001.792669526  0.6563947
16003.4271710886  0.6803681
16005.0616726513  0.7028125
16006.696174214  0.6853129
16008.3306757767  0.6489726
16009.9651773394  0.6739584
16011.599678902  0.8166379
16013.2341804647  0.9362538
16014.8686820274  0.9932221
16016.5031835901  0.9405234
16018.1376851527  0.9611437
16019.7721867154  1.016685
16021.4066882781  1.151635
16023.0411898408  1.550438
16024.6756914035  1.670439
16026.3101929661  8.774309
16027.9446945288  70.04886
16029.5791960915  181.9288
16031.2136976542  206.9439
16032.8481992168  129.8072
16034.4827007795  26.63818
16036.1172023422  3.018729
16037.7517039049  1.943033
16039.3862054675  2.128089
16041.0207070302  2.722123
16042.6552085929  2.889653
16044.2897101556  2.134056
16045.9242117183  1.193305
16047.5587132809  0.7611133
16049.1932148436  0.7265667
16050.8277164063  0.7754068
16052.462217969  0.8475742
16054.0967195316  1.185596
16055.7312210943  1.879905
16057.365722657  2.419123
16059.0002242197  2.455438
16060.6347257824  1.81119
16062.269227345  1.256401
16063.9037289077  1.136038
16065.5382304704  1.480542
16067.1727320331  1.484474
16068.8072335957  1.385645
16070.4417351584  1.449917
16072.0762367211  2.046317
16073.7107382838  2.419157
16075.3452398464  4.766188
16076.9797414091  29.94834
16078.6142429718  69.26266
16080.2487445345  76.59629
16081.8832460972  44.56745
16083.5177476598  8.839443
16085.1522492225  1.329519
16086.7867507852  1.156661
16088.4212523479  0.9298655
16090.0557539105  0.8793216
16091.6902554732  0.9008406
16093.3247570359  0.9505638
16094.9592585986  1.137811
16096.5937601613  1.369321
16098.2282617239  1.365138
16099.8627632866  1.035328
16101.4972648493  0.7835343
16103.131766412  0.7949819
16104.7662679746  0.7326263
16106.4007695373  0.6612644
16108.0352711  0.6833205
16109.6697726627  0.6984475
16111.3042742254  0.7213392
16112.938775788  0.7066723
16114.5732773507  1.71678
16116.2077789134  2.480024
16117.8422804761  2.8221
16119.4767820387  3.212341
16121.1112836014  2.878761
16122.7457851641  2.814676
16124.3802867268  13.13699
16126.0147882894  99.92558
16127.6492898521  205.8983
16129.2837914148  218.2201
16130.9182929775  115.064
16132.5527945402  22.35934
16134.1872961028  2.071121
16135.8217976655  2.032231
16137.4562992282  2.203114
16139.0908007909  1.597068
16140.7253023535  0.928005
16142.3598039162  0.900162
16143.9943054789  0.8510467
16145.6288070416  0.8248205
16147.2633086043  0.8052571
16148.8978101669  0.8483794
16150.5323117296  1.013327
16152.1668132923  1.209028
16153.801314855  1.226622
16155.4358164176  1.299558
16157.0703179803  2.879465
16158.704819543  4.7715
16160.3393211057  4.951639
16161.9738226684  2.811395
16163.608324231  1.107072
16165.2428257937  0.7549691
16166.8773273564  0.7656204
16168.5118289191  0.8821264
16170.1463304817  1.113674
16171.7808320444  1.222266
16173.4153336071  1.133763
16175.0498351698  0.9397464
16176.6843367324  0.7938034
16178.3188382951  0.7569204
16179.9533398578  0.7432643
16181.5878414205  0.8020216
16183.2223429832  0.9124655
16184.8568445458  1.051515
16186.4913461085  1.217514
16188.1258476712  1.311926
16189.7603492339  2.19079
16191.3948507965  15.32906
16193.0293523592  50.07879
16194.6638539219  64.29334
16196.2983554846  47.53239
16197.9328570473  13.51528
16199.5673586099  1.895471
16201.2018601726  1.162066
16202.8363617353  1.014431
16204.470863298  1.017439
16206.1053648606  1.544542
16207.7398664233  2.42993
16209.374367986  3.116492
16211.0088695487  2.800098
16212.6433711113  1.997701
16214.277872674  1.218669
16215.9123742367  0.8330037
16217.5468757994  1.274496
16219.1813773621  3.24108
16220.8158789247  5.259753
16222.4503804874  6.121984
16224.0848820501  4.740979
16225.7193836128  4.088629
16227.3538851754  6.496098
16228.9883867381  6.593166
16230.6228883008  10.05909
16232.2573898635  44.31755
16233.8918914262  119.5572
16235.5263929888  150.9452
16237.1608945515  106.482
16238.7953961142  29.95306
16240.4298976769  3.497113
16242.0643992395  2.231816
16243.6989008022  3.972312
16245.3334023649  5.433938
16246.9679039276  4.840461
16248.6024054903  2.685533
16250.2369070529  2.093299
16251.8714086156  2.939666
16253.5059101783  2.975148
16255.140411741  2.233482
16256.7749133036  1.669269
16258.4094148663  1.789458
16260.043916429  1.606651
16261.6784179917  1.341424
16263.3129195544  1.276551
16264.947421117  1.276071
16266.5819226797  1.64165
16268.2164242424  3.474837
16269.8509258051  5.282075
16271.4854273677  4.660443
16273.1199289304  2.309667
16274.7544304931  0.878961
16276.3889320558  1.352588
16278.0234336184  2.443385
16279.6579351811  2.991854
16281.2924367438  2.423631
16282.9269383065  1.407609
16284.5614398692  0.9632277
16286.1959414318  0.8496165
16287.8304429945  0.7405679
16289.4649445572  0.7150505
16291.0994461199  0.6841196
16292.7339476825  0.7223979
16294.3684492452  0.7232552
16296.0029508079  0.7337477
16297.6374523706  0.7982689
16299.2719539333  2.601712
16300.9064554959  6.376959
16302.5409570586  8.343619
16304.1754586213  6.899584
16305.809960184  5.216092
16307.4444617466  5.210851
16309.0789633093  4.444364
16310.713464872  2.465145
16312.3479664347  2.220475
16313.9824679974  12.31942
16315.61696956  31.24468
16317.2514711227  38.80186
16318.8859726854  25.6727
16320.5204742481  7.76585
16322.1549758107  1.067732
16323.7894773734  0.9907297
16325.4239789361  0.8237227
16327.0584804988  0.7669829
16328.6929820614  0.753686
16330.3274836241  0.7320161
16331.9619851868  0.7136865
16333.5964867495  0.7543148
16335.2309883122  0.850731
16336.8654898748  1.320348
16338.4999914375  5.815896
16340.1344930002  14.72314
16341.7689945629  18.93616
16343.4034961255  14.3159
16345.0379976882  6.67196
16346.6724992509  5.504731
16348.3070008136  25.96437
16349.9415023763  60.47866
16351.5760039389  73.39481
16353.2105055016  48.61491
16354.8450070643  15.56134
16356.479508627  4.204247
16358.1140101896  7.687379
16359.7485117523  10.83704
16361.383013315  10.64446
16363.0175148777  7.276452
16364.6520164403  4.787291
16366.286518003  3.630516
16367.9210195657  2.63117
16369.5555211284  2.466574
16371.1900226911  2.451662
16372.8245242537  1.979039
16374.4590258164  1.441733
16376.0935273791  0.8808002
16377.7280289418  0.6857967
16379.3625305044  0.7381867
16380.9970320671  0.8709767
16382.6315336298  1.064174
16384.2660351925  2.839181
16385.9005367552  18.43537
16387.5350383178  38.55509
16389.1695398805  40.70831
16390.8040414432  21.9555
16392.4385430059  4.641389
16394.0730445685  1.296304
16395.7075461312  1.929036
16397.3420476939  2.068503
16398.9765492566  1.687645
16400.6110508193  1.020591
16402.2455523819  0.8454722
16403.8800539446  0.9149986
16405.5145555073  1.001915
16407.14905707  1.509078
16408.7835586326  1.879399
16410.4180601953  2.393025
16412.052561758  8.295325
16413.6870633207  18.22669
16415.3215648834  19.61885
16416.956066446  11.48824
16418.5905680087  2.491113
16420.2250695714  0.7431217
16421.8595711341  0.7246192
16423.4940726967  0.6771168
16425.1285742594  0.6738681
16426.7630758221  0.6820498
16428.3975773848  0.760152
16430.0320789474  0.8357009
16431.6665805101  0.8569393
16433.3010820728  0.9089701
16434.9355836355  1.135811
16436.5700851982  1.605822
16438.2045867608  9.225772
16439.8390883235  43.27993
16441.4735898862  79.33564
16443.1080914489  75.17518
16444.7425930115  40.31493
16446.3770945742  17.85794
16448.0115961369  16.20888
16449.6460976996  10.86901
16451.2805992623  3.54446
16452.9151008249  1.975831
16454.5496023876  2.125148
16456.1841039503  2.135376
16457.818605513  2.030069
16459.4531070756  1.918534
16461.0876086383  1.569902
16462.722110201  1.150041
16464.3566117637  1.08181
16465.9911133264  1.255967
16467.625614889  1.281363
16469.2601164517  1.180853
16470.8946180144  1.188634
16472.5291195771  4.896502
16474.1636211397  16.07124
16475.7981227024  33.48361
16477.4326242651  49.45083
16479.0671258278  46.77677
16480.7016273904  27.89654
16482.3361289531  8.126824
16483.9706305158  1.325333
16485.6051320785  1.096703
16487.2396336412  0.8992017
16488.8741352038  0.8074126
16490.5086367665  0.8378509
16492.1431383292  0.8698347
16493.7776398919  0.985333
16495.4121414545  1.318141
16497.0466430172  1.09489
16498.6811445799  13.56337
16500.3156461426  58.78789
16501.9501477053  98.07624
16503.5846492679  82.99487
16505.2191508306  34.08349
16506.8536523933  2.807539
16508.488153956  1.418863
16510.1226555186  1.023355
16511.7571570813  0.8119249
16513.391658644  0.7640349
16515.0261602067  0.7305055
16516.6606617693  0.7171022
16518.295163332  0.7684788
16519.9296648947  0.7697945
16521.5641664574  0.7726887
16523.1986680201  0.7731955
16524.8331695827  1.047084
16526.4676711454  1.843269
16528.1021727081  2.847225
16529.7366742708  3.191868
16531.3711758334  2.645525
16533.0056773961  1.72944
16534.6401789588  1.00136
16536.2746805215  1.369535
16537.9091820842  2.300904
16539.5436836468  2.79472
16541.1781852095  2.761524
16542.8126867722  2.392869
16544.4471883349  1.945763
16546.0816898975  1.312311
16547.7161914602  0.9635308
16549.3506930229  1.56055
16550.9851945856  12.73018
16552.6196961482  30.37197
16554.2541977109  35.27777
16555.8886992736  21.28826
16557.5232008363  5.875714
16559.157702399  1.737794
16560.7922039616  1.620524
16562.4267055243  0.968102
16564.061207087  0.6685228
16565.6957086497  0.6136488
16567.3302102123  0.6754227
16568.964711775  0.5972614
16570.5992133377  0.57344
16572.2337149004  0.6001976
16573.8682164631  0.5746654
16575.5027180257  0.5435686
16577.1372195884  0.5353062
16578.7717211511  0.5970278
16580.4062227138  0.5779802
16582.0407242764  0.9326906
16583.6752258391  3.078159
16585.3097274018  5.854001
16586.9442289645  6.266564
16588.5787305272  3.756428
16590.2132320898  1.294735
16591.8477336525  0.8448939
16593.4822352152  1.093337
16595.1167367779  1.764009
16596.7512383405  1.066548
16598.3857399032  0.7558834
16600.0202414659  2.680173
16601.6547430286  1.130239
16603.2892445913  0.6208813
16604.9237461539  0.7496098
16606.5582477166  1.632481
16608.1927492793  4.986578
16609.827250842  8.760927
16611.4617524046  9.781757
16613.0962539673  6.268021
16614.73075553  2.525911
16616.3652570927  0.8169732
16617.9997586553  0.6184883
16619.634260218  0.6211474
16621.2687617807  0.5954117
16622.9032633434  0.6126805
16624.5377649061  0.5977345
16626.1722664687  0.5950636
16627.8067680314  0.5008705
16629.4412695941  1.18086
16631.0757711568  3.982192
16632.7102727194  0.9539489
16634.3447742821  0.5956098
16635.9792758448  0.78414
16637.6137774075  0.8248197
16639.2482789702  0.7983223
16640.8827805328  0.6790577
16642.5172820955  0.6162878
16644.1517836582  0.6426959
16645.7862852209  0.6452942
16647.4207867835  0.5995737
16649.0552883462  0.6043236
16650.6897899089  0.7181722
16652.3242914716  1.025588
16653.9587930342  1.299228
16655.5932945969  1.267417
16657.2277961596  1.316223
16658.8622977223  1.725784
16660.496799285  1.896336
16662.1313008476  1.499313
16663.7658024103  1.001956
16665.400303973  1.09154
16667.0348055357  1.207146
16668.6693070983  1.021676
16670.303808661  0.7511082
16671.9383102237  0.6794692
16673.5728117864  0.7124712
16675.2073133491  0.7603719
16676.8418149117  0.7823817
16678.4763164744  0.8664181
16680.1108180371  1.000156
16681.7453195998  1.240407
16683.3798211624  1.58191
16685.0143227251  4.186283
16686.6488242878  14.00017
16688.2833258505  43.85674
16689.9178274132  145.5616
16691.5523289758  262.2198
16693.1868305385  244.8141
16694.8213321012  125.707
16696.4558336639  15.99707
16698.0903352265  3.686345
16699.7248367892  5.244413
16701.3593383519  8.694153
16702.9938399146  9.6315
16704.6283414773  11.70646
16706.2628430399  41.81816
16707.8973446026  84.92382
16709.5318461653  89.17947
16711.166347728  50.61164
16712.8008492906  10.23158
16714.4353508533  2.147415
16716.069852416  2.581254
16717.7043539787  3.504299
16719.3388555413  3.581762
16720.973357104  3.298704
16722.6078586667  4.020843
16724.2423602294  4.972834
16725.8768617921  4.104065
16727.5113633547  3.090865
16729.1458649174  9.091791
16730.7803664801  22.79852
16732.4148680428  31.85789
16734.0493696054  26.21321
16735.6838711681  12.10636
16737.3183727308  2.89553
16738.9528742935  0.8521385
16740.5873758561  0.8109425
16742.2218774188  0.7003421
16743.8563789815  0.6928911
16745.4908805442  0.6901574
16747.1253821069  0.7784773
16748.7598836695  0.3212155
16750.3943852322  7.832459
16752.0288867949  7.225667
16753.6633883576  4.48529
16755.2978899202  5.852248
16756.9323914829  4.429429
16758.5668930456  3.06434
16760.2013946083  4.086691
16761.835896171  5.830436
16763.4703977336  6.975337
16765.1048992963  5.901196
16766.739400859  3.917183
16768.3739024217  1.693495
16770.0084039843  0.721202
16771.642905547  0.6352495
16773.2774071097  0.5889344
16774.9119086724  0.5841075
16776.5464102351  0.9869702
16778.1809117977  0.761498
16779.8154133604  0.517778
16781.4499149231  0.5112605
16783.0844164858  0.550539
16784.7189180484  0.5497898
16786.3534196111  0.5408137
16787.9879211738  0.521531
16789.6224227365  0.5351984
16791.2569242992  0.6502717
16792.8914258618  0.8318623
16794.5259274245  0.8949836
16796.1604289872  0.904983
16797.7949305499  1.325383
16799.4294321125  1.697175
16801.0639336752  1.678575
16802.6984352379  1.589012
16804.3329368006  1.772259
16805.9674383632  1.670852
16807.6019399259  1.05706
16809.2364414886  0.6306584
16810.8709430513  0.5568111
16812.505444614  0.5772033
16814.1399461766  0.5733048
16815.7744477393  0.5649303
16817.408949302  0.5814822
16819.0434508647  0.606556
16820.6779524273  0.5819049
16822.31245399  0.5855932
16823.9469555527  0.599368
16825.5814571154  0.907818
16827.2159586781  1.363239
16828.8504602407  0.711031
16830.4849618034  0.6274244
16832.1194633661  0.7466532
16833.7539649288  0.8471256
16835.3884664914  1.177501
16837.0229680541  8.861414
16838.6574696168  34.3834
16840.2919711795  49.63537
16841.9264727422  41.06745
16843.5609743048  13.80721
16845.1954758675  2.18072
16846.8299774302  1.107621
16848.4644789929  0.8580898
16850.0989805555  0.7881224
16851.7334821182  0.8617164
16853.3679836809  0.9295976
16855.0024852436  0.7482898
16856.6369868062  0.6078279
16858.2714883689  0.5868526
16859.9059899316  0.5733346
16861.5404914943  0.6106941
16863.174993057  0.6319093
16864.8094946196  0.6189098
16866.4439961823  0.6310936
16868.078497745  0.7745426
16869.7129993077  1.151369
16871.3475008703  1.309915
16872.982002433  1.310706
16874.6165039957  1.470276
16876.2510055584  1.911373
16877.8855071211  1.770195
16879.5200086837  1.194339
16881.1545102464  1.025737
16882.7890118091  1.309568
16884.4235133718  1.345645
16886.0580149344  1.492936
16887.6925164971  2.317267
16889.3270180598  3.261734
16890.9615196225  3.109244
16892.5960211852  2.042479
16894.2305227478  1.541246
16895.8650243105  2.122497
16897.4995258732  3.107839
16899.1340274359  8.064118
16900.7685289985  62.61477
16902.4030305612  160.699
16904.0375321239  189.1103
16905.6720336866  122.3977
16907.3065352492  29.56364
16908.9410368119  6.902384
16910.5755383746  5.399496
16912.2100399373  3.479328
16913.8445415  2.525944
16915.4790430626  2.012496
16917.1135446253  1.216723
16918.748046188  0.7386559
16920.3825477507  0.6765969
16922.0170493133  0.676918
16923.651550876  0.7037596
16925.2860524387  0.6756345
16926.9205540014  0.618242
16928.5550555641  0.6290755
16930.1895571267  0.6183448
16931.8240586894  0.5862051
16933.4585602521  0.5741858
16935.0930618148  0.5874576
16936.7275633774  0.8509838
16938.3620649401  0.9017849
16939.9965665028  0.629703
16941.6310680655  0.6911843
16943.2655696282  0.8772899
16944.9000711908  1.357095
16946.5345727535  1.387076
16948.1690743162  1.156424
16949.8035758789  1.074913
16951.4380774415  10.43949
16953.0725790042  45.7147
16954.7070805669  72.94803
16956.3415821296  61.26278
16957.9760836922  23.87731
16959.6105852549  2.15194
16961.2450868176  1.131331
16962.8795883803  0.9018158
16964.514089943  0.7620685
16966.1485915056  0.6854069
16967.7830930683  0.6422965
16969.417594631  0.6033771
16971.0520961937  0.6077109
16972.6865977563  0.6044868
16974.321099319  0.6083218
16975.9556008817  0.6317654
16977.5901024444  0.5753548
16979.2246040071  0.5626903
16980.8591055697  0.6011541
16982.4936071324  0.6766055
16984.1281086951  0.7500089
16985.7626102578  0.7729818
16987.3971118204  0.9712961
16989.0316133831  1.229511
16990.6661149458  1.289405
16992.3006165085  1.052993
16993.9351180712  0.8653476
16995.5696196338  0.9080461
16997.2041211965  1.038356
16998.8386227592  1.108027
17000.4731243219  1.324446
17002.1076258845  1.782007
17003.7421274472  4.022972
17005.3766290099  40.13877
17007.0111305726  145.0183
17008.6456321352  202.0204
17010.2801336979  156.5741
17011.9146352606  51.94009
17013.5491368233  6.655046
17015.183638386  2.860452
17016.8181399486  1.679969
17018.4526415113  1.084066
17020.087143074  0.9040077
17021.7216446367  0.7701707
17023.3561461993  0.6946072
17024.990647762  0.6438304
17026.6251493247  0.579946
17028.2596508874  0.6373048
17029.8941524501  0.6629478
17031.5286540127  0.6334046
17033.1631555754  0.6122321
17034.7976571381  0.5809914
17036.4321587008  0.5819914
17038.0666602634  0.5954185
17039.7011618261  0.5743268
17041.3356633888  0.5725778
17042.9701649515  0.6111416
17044.6046665141  0.5661332
17046.2391680768  0.5951037
17047.8736696395  0.7832192
17049.5081712022  0.9971532
17051.1426727649  1.184413
17052.7771743275  1.963016
17054.4116758902  3.935335
17056.0461774529  6.112395
17057.6806790156  5.546715
17059.3151805782  3.164013
17060.9496821409  0.9679219
17062.5841837036  0.5684959
17064.2186852663  0.589218
17065.853186829  0.6289626
17067.4876883916  1.033699
17069.1221899543  2.145414
17070.756691517  2.988451
17072.3911930797  3.305342
17074.0256946423  5.172132
17075.660196205  22.65923
17077.2946977677  51.09817
17078.9291993304  54.15423
17080.563700893  31.704
17082.1982024557  5.511242
17083.8327040184  1.018789
17085.4672055811  0.9487981
17087.1017071438  0.8379279
17088.7362087064  0.72446
17090.3707102691  0.6296754
17092.0052118318  0.7447541
17093.6397133945  0.9090966
17095.2742149572  0.8251125
17096.9087165198  1.133514
17098.5432180825  1.798806
17100.1777196452  2.380419
17101.8122212079  2.6951
17103.4467227705  3.037969
17105.0812243332  2.857981
17106.7157258959  2.624561
17108.3502274586  2.464578
17109.9847290212  2.486958
17111.6192305839  1.99973
17113.2537321466  3.708207
17114.8882337093  6.415874
17116.5227352719  2.119389
17118.1572368346  2.108617
17119.7917383973  18.02095
17121.42623996  74.53403
17123.0607415227  129.6302
17124.6952430853  118.1858
17126.329744648  54.95538
17127.9642462107  7.682955
17129.5987477734  1.653925
17131.2332493361  1.191465
17132.8677508987  0.9008677
17134.5022524614  0.7671106
17136.1367540241  0.6748567
17137.7712555868  0.595742
17139.4057571494  0.5444874
17141.0402587121  0.5225304
17142.6747602748  0.5205287
17144.3092618375  0.5836812
17145.9437634001  0.5777861
17147.5782649628  0.5408862
17149.2127665255  0.5546178
17150.8472680882  0.5162483
17152.4817696509  0.4907251
17154.1162712135  0.4919169
17155.7507727762  0.5001463
17157.3852743389  0.5139727
17159.0197759016  0.5210123
17160.6542774642  0.519596
17162.2887790269  0.626357
17163.9232805896  0.7606593
17165.5577821523  0.786103
17167.192283715  1.136145
17168.8267852776  1.948254
17170.4612868403  2.756206
17172.095788403  4.004482
17173.7302899657  5.595403
17175.3647915283  6.038084
17176.999293091  4.635925
17178.6337946537  2.967679
17180.2682962164  2.246277
17181.9027977791  1.568734
17183.5372993417  0.8552417
17185.1718009044  1.2142
17186.8063024671  3.335935
17188.4408040298  5.176952
17190.0753055924  4.718611
17191.7098071551  2.462726
17193.3443087178  1.332724
17194.9788102805  1.851903
17196.6133118431  2.062569
17198.2478134058  1.491122
17199.8823149685  0.8189017
17201.5168165312  0.6359898
17203.1513180939  0.7274778
17204.7858196565  0.817219
17206.4203212192  3.713324
17208.0548227819  18.70978
17209.6893243446  33.96611
17211.3238259072  33.86676
17212.9583274699  19.06011
17214.5928290326  6.944611
17216.2273305953  3.842758
17217.861832158  2.176249
17219.4963337206  1.751252
17221.1308352833  2.434976
17222.765336846  2.413245
17224.3998384087  1.450896
17226.0343399713  0.7714311
17227.668841534  1.258771
17229.3033430967  2.153866
17230.9378446594  2.739731
17232.572346222  2.376372
17234.2068477847  1.52579
17235.8413493474  0.8984219
17237.4758509101  0.7431425
17239.1103524728  1.318544
17240.7448540354  4.334843
17242.3793555981  8.545776
17244.0138571608  12.40238
17245.6483587235  29.41573
17247.2828602861  57.13377
17248.9173618488  65.7785
17250.5518634115  42.85158
17252.1863649742  12.97701
17253.8208665369  2.213659
17255.4553680995  3.441488
17257.0898696622  4.958598
17258.7243712249  4.469192
17260.3588727876  2.178816
17261.9933743502  0.7709123
17263.6278759129  0.5694877
17265.2623774756  0.5535182
17266.8968790383  0.5455152
17268.531380601  0.5802237
17270.1658821636  0.6816482
17271.8003837263  4.701313
17273.434885289  3.706878
17275.0693868517  3.188553
17276.7038884143  2.779358
17278.338389977  1.822091
17279.9728915397  5.570933
17281.6073931024  13.214
17283.241894665  14.99893
17284.8763962277  9.84713
17286.5108977904  3.549741
17288.1453993531  1.785817
17289.7799009158  1.308375
17291.4144024784  0.7452023
17293.0489040411  0.5467157
17294.6834056038  0.5135235
17296.3179071665  0.5222226
17297.9524087292  0.5896394
17299.5869102918  1.416825
17301.2214118545  5.036298
17302.8559134172  7.999816
17304.4904149799  7.21613
17306.1249165425  3.155093
17307.7594181052  0.8247803
17309.3939196679  0.6877719
17311.0284212306  1.274114
17312.6629227932  1.70177
17314.2974243559  1.743041
17315.9319259186  1.675561
17317.5664274813  1.512447
17319.200929044  2.217783
17320.8354306066  2.187603
17322.4699321693  1.780768
17324.104433732  1.319339
17325.7389352947  1.900729
17327.3734368573  7.475507
17329.00793842  24.23194
17330.6424399827  34.00011
17332.2769415454  28.00893
17333.911443108  10.3797
17335.5459446707  1.973075
17337.1804462334  1.360165
17338.8149477961  1.903183
17340.4494493588  2.165212
17342.0839509214  2.185708
17343.7184524841  1.895709
17345.3529540468  1.445655
17346.9874556095  1.981585
17348.6219571721  7.125333
17350.2564587348  13.83666
17351.8909602975  14.17336
17353.5254618602  8.629502
17355.1599634229  3.803508
17356.7944649855  7.055562
17358.4289665482  14.70352
17360.0634681109  16.06549
17361.6979696736  10.12006
17363.3324712362  2.32431
17364.9669727989  0.6294218
17366.6014743616  0.5766347
17368.2359759243  0.5881966
17369.870477487  0.6047618
17371.5049790496  0.6303369
17373.1394806123  0.6545104
17374.773982175  0.6972287
17376.4084837377  0.7517956
17378.0429853003  1.055856
17379.677486863  4.31342
17381.3119884257  14.0939
17382.9464899884  32.17479
17384.580991551  60.5988
17386.2154931137  73.62074
17387.8499946764  55.72247
17389.4844962391  22.00367
17391.1189978018  2.615366
17392.7534993644  1.013495
17394.3880009271  0.8382756
17396.0225024898  0.7095144
17397.6570040525  0.611074
17399.2915056151  0.5757854
17400.9260071778  0.6879095
17402.5605087405  1.072301
17404.1950103032  1.603204
17405.8295118659  1.734528
17407.4640134285  1.200895
17409.0985149912  0.6876431
17410.7330165539  0.5367374
17412.3675181166  0.8173165
17414.0020196792  1.609644
17415.6365212419  2.431841
17417.2710228046  2.627251
17418.9055243673  2.070877
17420.5400259299  1.407577
17422.1745274926  1.15411
17423.8090290553  6.757066
17425.443530618  20.16656
17427.0780321807  27.49405
17428.7125337433  20.62817
17430.347035306  7.587744
17431.9815368687  2.494755
17433.6160384314  2.074774
17435.2505399941  1.41286
17436.8850415567  0.6893827
17438.5195431194  0.6132861
17440.1540446821  0.6351892
17441.7885462448  0.7394521
17443.4230478074  0.9492831
17445.0575493701  1.651751
17446.6920509328  17.29023
17448.3265524955  52.98413
17449.9610540581  72.05362
17451.5955556208  51.67989
17453.2300571835  16.01856
17454.8645587462  1.593831
17456.4990603089  1.137809
17458.1335618715  0.7103765
17459.7680634342  0.5795298
17461.4025649969  0.550011
17463.0370665596  0.5125789
17464.6715681222  0.4901281
17466.3060696849  0.4910214
17467.9405712476  0.5096776
17469.5750728103  0.5250875
17471.209574373  0.5151104
17472.8440759356  0.4775459
17474.4785774983  0.4822351
17476.113079061  0.7013431
17477.7475806237  1.014775
17479.3820821863  1.174332
17481.016583749  1.296026
17482.6510853117  1.385717
17484.2855868744  1.262264
17485.920088437  0.8690378
17487.5545899997  0.5844983
17489.1890915624  0.5944492
17490.8235931251  0.635085
17492.4580946878  0.6552457
17494.0925962504  0.5947784
17495.7270978131  0.6030805
17497.3615993758  1.423246
17498.9961009385  3.992872
17500.6306025011  6.143287
17502.2651040638  9.325963
17503.8996056265  19.05397
17505.5341071892  26.26731
17507.1686087519  21.28325
17508.8031103145  8.533064
17510.4376118772  0.974688
17512.0721134399  0.6918855
17513.7066150026  0.1784432
17515.3411165652  4.190302
17516.9756181279  3.826022
17518.6101196906  0.1267716
17520.2446212533  0.5570311
17521.8791228159  0.4984045
17523.5136243786  0.5783261
17525.1481259413  1.895607
17526.782627504  5.111583
17528.4171290667  8.536785
17530.0516306293  8.618162
17531.686132192  5.432766
17533.3206337547  2.303549
17534.9551353174  1.382434
17536.58963688  1.596475
17538.2241384427  1.393698
17539.8586400054  1.341864
17541.4931415681  1.952894
17543.1276431308  2.337596
17544.7621446934  1.855016
17546.3966462561  1.066372
17548.0311478188  0.9977155
17549.6656493815  1.332927
17551.3001509441  1.301453
17552.9346525068  0.8314196
17554.5691540695  0.4789169
17556.2036556322  0.4301243
17557.8381571949  0.4925964
17559.4726587575  -0.3860019
17561.1071603202  11.62531
17562.7416618829  7.652975
17564.3761634456  -0.2893588
17566.0106650082  0.8561319
17567.6451665709  0.7191833
17569.2796681336  0.5966304
17570.9141696963  0.4890349
17572.548671259  0.4384507
17574.1831728216  0.4353779
17575.8176743843  0.4277712
17577.452175947  0.4067588
17579.0866775097  0.426648
17580.7211790723  0.4396445
17582.355680635  0.4278318
17583.9901821977  0.433976
17585.6246837604  0.4220167
17587.259185323  0.5177199
17588.8936868857  0.7862515
17590.5281884484  0.8875595
17592.1626900111  0.9263906
17593.7971915738  1.05579
17595.4316931364  1.142487
17597.0661946991  1.010924
17598.7006962618  0.7399433
17600.3351978245  0.5701125
17601.9696993871  0.6804823
17603.6042009498  0.759659
17605.2387025125  0.7039002
17606.8732040752  0.5561486
17608.5077056379  0.5370616
17610.1422072005  6.526591
17611.7767087632  4.452472
17613.4112103259  2.036791
17615.0457118886  1.95682
17616.6802134512  1.389778
17618.3147150139  0.8267948
17619.9492165766  0.7645908
17621.5837181393  1.617393
17623.2182197019  2.336833
17624.8527212646  2.376936
17626.4872228273  2.064665
17628.12172439  2.002568
17629.7562259527  1.799476
17631.3907275153  0.9794506
17633.025229078  0.5116609
17634.6597306407  0.5026845
17636.2942322034  0.5391662
17637.928733766  0.5647079
17639.5632353287  0.662755
17641.1977368914  0.7739984
17642.8322384541  0.9292865
17644.4667400168  1.259047
17646.1012415794  3.998112
17647.7357431421  13.99587
17649.3702447048  38.34447
17651.0047462675  118.618
17652.6392478301  176.4276
17654.2737493928  157.1073
17655.9082509555  65.91416
17657.5427525182  9.858378
17659.1772540809  3.38319
17660.8117556435  4.996604
17662.4462572062  6.271432
17664.0807587689  7.175024
17665.7152603316  6.551635
17667.3497618942  14.8771
17668.9842634569  27.27978
17670.6187650196  55.32323
17672.2532665823  62.16909
17673.8877681449  37.31303
17675.5222697076  9.264973
17677.1567712703  1.063258
17678.791272833  0.9038934
17680.4257743957  1.016735
17682.0602759583  2.193447
17683.694777521  3.578261
17685.3292790837  4.634221
17686.9637806464  4.556029
17688.598282209  4.058952
17690.2327837717  3.128645
17691.8672853344  2.116207
17693.5017868971  2.164023
17695.1362884598  6.685547
17696.7707900224  14.72628
17698.4052915851  19.59676
17700.0397931478  15.0219
17701.6742947105  6.471575
17703.3087962731  1.456674
17704.9432978358  0.533964
17706.5777993985  0.4990911
17708.2123009612  0.4624265
17709.8468025238  0.5511407
17711.4813040865  0.5767026
17713.1158056492  0.5328282
17714.7503072119  0.4433821
17716.3848087746  0.4187798
17718.0193103372  0.4385953
17719.6538118999  0.4687536
17721.2883134626  0.7342001
17722.9228150253  1.10851
17724.5573165879  1.11211
17726.1918181506  0.8276355
17727.8263197133  0.9278529
17729.460821276  2.126302
17731.0953228387  3.625789
17732.7298244013  4.754388
17734.364325964  4.596439
17735.9988275267  3.480302
17737.6333290894  1.82264
17739.267830652  0.6706449
17740.9023322147  0.2703505
17742.5368337774  0.957461
17744.1713353401  8.127489
17745.8058369028  2.026414
17747.4403384654  0.1012026
17749.0748400281  0.4260939
17750.7093415908  0.3610058
17752.3438431535  0.3696639
17753.9783447161  0.3842365
17755.6128462788  0.3704559
17757.2473478415  0.3815274
17758.8818494042  0.3854573
17760.5163509668  0.3591467
17762.1508525295  0.3700726
17763.7853540922  0.4521233
17765.4198556549  0.5553747
17767.0543572176  0.6526784
17768.6888587802  0.8435351
17770.3233603429  1.377243
17771.9578619056  1.869258
17773.5923634683  2.130981
17775.226865031  2.172229
17776.8613665936  2.754136
17778.4958681563  3.156957
17780.130369719  2.606672
17781.7648712817  1.395665
17783.3993728443  0.9738775
17785.033874407  1.237784
17786.6683759697  1.238505
17788.3028775324  0.8565561
17789.937379095  0.5084834
17791.5718806577  0.4461361
17793.2063822204  0.3986479
17794.8408837831  0.4124575
17796.4753853458  0.4440517
17798.1098869084  0.437941
17799.7443884711  0.4585541
17801.3788900338  0.4977426
17803.0133915965  0.5411371
17804.6478931591  0.6085959
17806.2823947218  0.9334631
17807.9168962845  5.891658
17809.5513978472  22.48208
17811.1858994099  33.22456
17812.8204009725  27.70623
17814.4549025352  10.19009
17816.0894040979  1.824236
17817.7239056606  1.724661
17819.3584072232  2.320518
17820.9929087859  2.363298
17822.6274103486  2.002579
17824.2619119113  1.670709
17825.8964134739  1.390054
17827.5309150366  2.300137
17829.1654165993  4.140477
17830.799918162  4.83652
17832.4344197247  3.71363
17834.0689212873  2.651986
17835.70342285  2.084808
17837.3379244127  1.476075
17838.9724259754  0.7460836
17840.606927538  0.5845809
17842.2414291007  0.7524059
17843.8759306634  0.910095
17845.5104322261  0.80892
17847.1449337888  0.8073261
17848.7794353514  1.602738
17850.4139369141  2.535063
17852.0484384768  3.23042
17853.6829400395  3.059606
17855.3174416021  2.307191
17856.9519431648  1.492381
17858.5864447275  1.030991
17860.2209462902  0.9845772
17861.8554478529  0.863437
17863.4899494155  0.6842268
17865.1244509782  0.6288736
17866.7589525409  0.74145
17868.3934541036  0.8748025
17870.0279556662  0.9401299
17871.6624572289  0.9472889
17873.2969587916  1.166961
17874.9314603543  1.832468
17876.5659619169  16.86133
17878.2004634796  75.66703
17879.8349650423  126.0013
17881.469466605  112.5534
17883.1039681677  47.12241
17884.7384697303  6.554307
17886.372971293  1.133973
17888.0074728557  1.24042
17889.6419744184  0.8482581
17891.276475981  0.6278794
17892.9109775437  0.5992005
17894.5454791064  0.5875032
17896.1799806691  0.5906566
17897.8144822317  0.5749982
17899.4489837944  0.5560027
17901.0834853571  0.5034382
17902.7179869198  0.4787866
17904.3524884825  0.4415635
17905.9869900451  0.4164526
17907.6214916078  0.4020182
17909.2559931705  0.4017776
17910.8904947332  0.4308466
17912.5249962958  0.4648401
17914.1594978585  0.396403
17915.7939994212  0.02870707
17917.4285009839  0.008418985
17919.0630025466  -0.00115722
17920.6975041092  -0.00580473
