11400.  0.0662144
11401.3088596988  0.05357816
11402.6177193976  0.08058433
11403.9265790964  0.08572467
11405.2354387952  0.06529454
11406.544298494  0.1742713
11407.8531581928  0.239845
11409.1620178916  0.1531212
11410.4708775904  0.1128037
11411.7797372892  0.08619659
11413.0885969879  0.06582361
11414.3974566867  0.1765244
11415.7063163855  -0.1597169
11417.0151760843  2.749179
11418.3240357831  3.438535
11419.6328954819  -0.2653258
11420.9417551807  0.08435176
11422.2506148795  0.05583398
11423.5594745783  0.07406875
11424.8683342771  0.07453641
11426.1771939759  0.07893522
11427.4860536747  0.07625017
11428.7949133735  0.1179878
11430.1037730723  0.2475334
11431.4126327711  0.4500583
11432.7214924699  0.5807257
11434.0303521687  0.5177036
11435.3392118675  0.3677059
11436.6480715663  0.5283814
11437.9569312651  1.289094
11439.2657909638  2.083206
11440.5746506626  2.041502
11441.8835103614  1.27534
11443.1923700602  0.5488211
11444.501229759  0.3287071
11445.8100894578  0.3028964
11447.1189491566  0.2489213
11448.4278088554  0.3288068
11449.7366685542  0.6952595
11451.045528253  1.178503
11452.3543879518  1.122689
11453.6632476506  0.5409318
11454.9721073494  0.2033484
11456.2809670482  0.09165948
11457.589826747  0.147882
11458.8986864458  0.1743196
11460.2075461446  0.1949464
11461.5164058434  0.2093289
11462.8252655422  0.1673728
11464.1341252409  0.1776868
11465.4429849397  0.2557597
11466.7518446385  0.4457923
11468.0607043373  0.6175628
11469.3695640361  0.5580113
11470.6784237349  0.3201211
11471.9872834337  0.1584662
11473.2961431325  0.110893
11474.6050028313  0.1226502
11475.9138625301  0.1129827
11477.2227222289  0.1168954
11478.5315819277  0.1620481
11479.8404416265  0.1960504
11481.1493013253  0.1927446
11482.4581610241  0.1811436
11483.7670207229  0.2047928
11485.0758804217  -0.2010374
11486.3847401205  2.907886
11487.6935998193  3.739963
11489.002459518  -0.05824131
11490.3113192168  0.3476449
11491.6201789156  0.2686982
11492.9290386144  0.1912243
11494.2378983132  0.139323
11495.546758012  0.121744
11496.8556177108  0.09506252
11498.1644774096  0.07697891
11499.4733371084  0.1020552
11500.7821968072  0.102695
11502.091056506  0.1406363
11503.3999162048  0.2099751
11504.7087759036  0.2731206
11506.0176356024  0.4145007
11507.3264953012  0.6929076
11508.635355  0.8707484
11509.9442146988  0.7346827
11511.2530743976  0.438146
11512.5619340964  0.2423704
11513.8707937951  0.1852689
11515.1796534939  0.2222762
11516.4885131927  0.2381011
11517.7973728915  0.2425408
11519.1062325903  0.2696199
11520.4150922891  0.2382397
11521.7239519879  0.183881
11523.0328116867  0.1297205
11524.3416713855  0.1157492
11525.6505310843  0.1242341
11526.9593907831  0.1133997
11528.2682504819  0.1436046
11529.5771101807  0.1627209
11530.8859698795  0.1673657
11532.1948295783  0.2012394
11533.5036892771  0.001486388
11534.8125489759  2.272753
11536.1214086747  4.93971
11537.4302683735  7.319683
11538.7391280722  10.12358
11540.047987771  7.72873
11541.3568474698  3.141549
11542.6657071686  0.5867836
11543.9745668674  0.1681612
11545.2834265662  -0.02452131
11546.592286265  1.792835
11547.9011459638  1.974064
11549.2100056626  -0.0113558
11550.5188653614  0.1961348
11551.8277250602  0.2807159
11553.136584759  0.3898027
11554.4454444578  0.3911955
11555.7543041566  0.3393294
11557.0631638554  0.2671542
11558.3720235542  0.196256
11559.680883253  0.1808885
11560.9897429518  0.2527886
11562.2986026506  0.9971647
11563.6074623493  2.848279
11564.9163220481  4.30386
11566.2251817469  3.735486
11567.5340414457  1.932353
11568.8429011445  0.6873022
11570.1517608433  0.3065496
11571.4606205421  0.2131579
11572.7694802409  0.2264265
11574.0783399397  0.3016348
11575.3871996385  0.4424526
11576.6960593373  0.5351463
11578.0049190361  0.5229023
11579.3137787349  0.5940938
11580.6226384337  0.6785653
11581.9314981325  0.5943733
11583.2403578313  0.4608623
11584.5492175301  0.3438008
11585.8580772289  0.2949831
11587.1669369277  0.4039065
11588.4757966265  2.325301
11589.7846563252  8.535914
11591.093516024  14.59589
11592.4023757228  14.37446
11593.7112354216  8.116424
11595.0200951204  2.173319
11596.3289548192  0.3585006
11597.637814518  0.2445086
11598.9466742168  0.2339396
11600.2555339156  0.1826481
11601.5643936144  0.2654658
11602.8732533132  0.2776127
11604.182113012  0.205412
11605.4909727108  0.2124074
11606.7998324096  0.1959976
11608.1086921084  0.4727969
11609.4175518072  0.5528973
11610.726411506  0.4021235
11612.0352712048  0.318261
11613.3441309036  0.2229538
11614.6529906023  0.2171733
11615.9618503011  0.2574751
11617.2707099999  0.3433447
11618.5795696987  0.4448571
11619.8884293975  0.4657069
11621.1972890963  0.3565866
11622.5061487951  0.2851576
11623.8150084939  0.3289601
11625.1238681927  1.556122
11626.4327278915  4.063768
11627.7415875903  5.29095
11629.0504472891  4.144333
11630.3593069879  1.873895
11631.6681666867  0.4831407
11632.9770263855  0.291295
11634.2858860843  0.5326353
11635.5947457831  0.6333612
11636.9036054819  0.6082693
11638.2124651807  0.5706202
11639.5213248795  0.4744544
11640.8301845782  0.4062285
11642.139044277  0.3866517
11643.4479039758  0.3130268
11644.7567636746  0.2779747
11646.0656233734  0.3452144
11647.3744830722  1.490998
11648.683342771  6.340505
11649.9922024698  11.54462
11651.3010621686  12.16275
11652.6099218674  7.489576
11653.9187815662  2.549791
11655.227641265  0.8045058
11656.5365009638  0.5246288
11657.8453606626  0.3532252
11659.1542203614  0.2480989
11660.4630800602  0.200506
11661.771939759  0.1936653
11663.0807994578  0.214869
11664.3896591565  0.2260882
11665.6985188553  0.2184939
11667.0073785541  0.2243614
11668.3162382529  0.2595492
11669.6250979517  0.305454
11670.9339576505  0.3767307
11672.2428173493  0.4542255
11673.5516770481  0.4423247
11674.8605367469  0.33549
11676.1693964457  0.3095207
11677.4782561445  0.3888349
11678.7871158433  0.4826905
11680.0959755421  0.5731785
11681.4048352409  0.650403
11682.7136949397  0.6534107
11684.0225546385  0.5681688
11685.3314143373  0.3910587
11686.6402740361  0.3471109
11687.9491337349  0.3655683
11689.2579934337  0.3852659
11690.5668531324  0.3273108
11691.8757128312  0.3172652
11693.18457253  0.6972224
11694.4934322288  2.174582
11695.8022919276  3.481752
11697.1111516264  3.382161
11698.4200113252  1.894627
11699.728871024  0.5386499
11701.0377307228  3.216999
11702.3465904216  1.504463
11703.6554501204  0.1963812
11704.9643098192  0.4622079
11706.273169518  0.4227709
11707.5820292168  0.3387481
11708.8908889156  0.2822142
11710.1997486144  0.2968584
11711.5086083132  0.4129286
11712.817468012  1.3759
11714.1263277108  4.497827
11715.4351874095  7.656066
11716.7440471083  8.324586
11718.0529068071  4.712523
11719.3617665059  1.35527
11720.6706262047  0.3469736
11721.9794859035  0.2601542
11723.2883456023  0.2843492
11724.5972053011  0.3647318
11725.9060649999  0.4437009
11727.2149246987  0.4912615
11728.5237843975  0.4501606
11729.8326440963  0.3685361
11731.1415037951  0.321003
11732.4503634939  0.4317681
11733.7592231927  0.5705203
11735.0680828915  0.6106556
11736.3769425903  0.4658609
11737.6858022891  0.3303365
11738.9946619879  0.2412521
11740.3035216866  0.2243757
11741.6123813854  0.2329071
11742.9212410842  0.2323745
11744.230100783  0.2157771
11745.5389604818  0.2413352
11746.8478201806  0.2224845
11748.1566798794  0.2178631
11749.4655395782  0.2282732
11750.774399277  0.2123299
11752.0832589758  0.1977565
11753.3921186746  0.2108631
11754.7009783734  0.2207954
11756.0098380722  0.2959234
11757.318697771  0.4032679
11758.6275574698  0.3770068
11759.9364171686  0.2831399
11761.2452768674  0.2273508
11762.5541365662  0.1980947
11763.862996265  0.1899439
11765.1718559637  0.2220328
11766.4807156625  0.2721323
11767.7895753613  0.5742433
11769.0984350601  1.458496
11770.4072947589  2.215646
11771.7161544577  2.095047
11773.0250141565  1.195393
11774.3338738553  0.5003941
11775.6427335541  0.3032588
11776.9515932529  0.2987644
11778.2604529517  0.3101051
11779.5693126505  0.3020032
11780.8781723493  0.3999844
11782.1870320481  0.5304329
11783.4958917469  0.59001
11784.8047514457  0.9485524
11786.1136111445  2.341347
11787.4224708433  3.91273
11788.7313305421  3.858639
11790.0401902409  2.433359
11791.3490499396  1.06415
11792.6579096384  0.5491713
11793.9667693372  0.3954497
11795.275629036  0.3612577
11796.5844887348  0.3610693
11797.8933484336  0.3231463
11799.2022081324  0.2999621
11800.5110678312  0.280118
11801.81992753  0.2673565
11803.1287872288  0.3085617
11804.4376469276  0.405759
11805.7465066264  0.3684227
11807.0553663252  0.3204818
11808.364226024  0.3294336
11809.6730857228  0.3333753
11810.9819454216  0.3112988
11812.2908051204  0.2429356
11813.5996648192  0.2246383
11814.9085245179  0.2241929
11816.2173842167  0.2522309
11817.5262439155  0.2374589
11818.8351036143  0.3154761
11820.1439633131  0.4021493
11821.4528230119  0.4134581
11822.7616827107  0.4338209
11824.0705424095  0.4823965
11825.3794021083  0.5397932
11826.6882618071  0.540943
11827.9971215059  0.4455178
11829.3059812047  0.2876598
11830.6148409035  0.2496841
11831.9237006023  0.2257973
11833.2325603011  0.2170925
11834.5414199999  0.2686195
11835.8502796987  0.2624032
11837.1591393975  0.2618991
11838.4679990963  0.2889805
11839.7768587951  0.172972
11841.0857184938  0.9335338
11842.3945781926  2.074253
11843.7034378914  0.3537309
11845.0122975902  0.3239166
11846.321157289  0.3233866
11847.6300169878  0.3091695
11848.9388766866  0.51103
11850.2477363854  0.9568458
11851.5565960842  1.159949
11852.865455783  0.938861
11854.1743154818  0.4874008
11855.4831751806  0.281581
11856.7920348794  0.2714761
11858.1008945782  0.2536761
11859.409754277  0.2556711
11860.7186139758  0.2670145
11862.0274736746  0.2901674
11863.3363333734  0.5146984
11864.6451930722  1.206704
11865.954052771  1.889019
11867.2629124697  1.854406
11868.5717721685  1.313063
11869.8806318673  0.7855837
11871.1894915661  0.4167174
11872.4983512649  0.3681537
11873.8072109637  0.3235839
11875.1160706625  0.2341795
11876.4249303613  0.2285928
11877.7337900601  0.2862907
11879.0426497589  0.2884959
11880.3515094577  0.2862275
11881.6603691565  0.2704416
11882.9692288553  0.2622224
11884.2780885541  0.2912122
11885.5869482529  0.3747604
11886.8958079517  0.3968481
11888.2046676505  0.3776189
11889.5135273493  0.3175682
11890.8223870481  0.300183
11892.1312467468  0.374988
11893.4401064456  0.4452414
11894.7489661444  0.4474855
11896.0578258432  0.3946599
11897.366685542  0.3439169
11898.6755452408  0.3823031
11899.9844049396  0.4520949
11901.2932646384  0.5005078
11902.6021243372  0.4898624
11903.910984036  0.5886272
11905.2198437348  0.6267409
11906.5287034336  0.6732537
11907.8375631324  0.687982
11909.1464228312  0.4903451
11910.45528253  0.5647337
11911.7641422288  0.8473919
11913.0730019276  0.9186652
11914.3818616264  0.762421
11915.6907213252  0.624952
11916.9995810239  0.4458959
11918.3084407227  0.342045
11919.6173004215  0.3327029
11920.9261601203  0.350719
11922.2350198191  0.3256551
11923.5438795179  0.2641652
11924.8527392167  0.2402265
11926.1615989155  0.2404307
11927.4704586143  0.2274077
11928.7793183131  0.2257298
11930.0881780119  0.2557108
11931.3970377107  0.3123511
11932.7058974095  0.4756354
11934.0147571083  0.5758423
11935.3236168071  0.6228693
11936.6324765059  0.7588053
11937.9413362047  0.8838179
11939.2501959035  0.774662
11940.5590556023  0.5009646
11941.867915301  0.34586
11943.1767749998  0.2445508
11944.4856346986  0.867516
11945.7944943974  0.8052346
11947.1033540962  0.3290691
11948.412213795  0.4212492
11949.7210734938  0.7949186
11951.0299331926  1.14042
11952.3387928914  1.113899
11953.6476525902  0.7339465
11954.956512289  0.3817077
11956.2653719878  0.2662447
11957.5742316866  0.263067
11958.8830913854  0.2344653
11960.1919510842  0.2382894
11961.500810783  0.2420539
11962.8096704818  0.2592178
11964.1185301806  0.3095625
11965.4273898794  0.6285414
11966.7362495781  1.50512
11968.0451092769  2.432495
11969.3539689757  2.663225
11970.6628286745  2.107449
11971.9716883733  2.076246
11973.2805480721  3.051188
11974.5894077709  4.185096
11975.8982674697  3.86079
11977.2071271685  2.438461
11978.5159868673  0.9872959
11979.8248465661  0.4942965
11981.1337062649  1.027619
11982.4425659637  2.022619
11983.7514256625  2.586747
11985.0602853613  2.413918
11986.3691450601  3.708772
11987.6780047589  6.323301
11988.9868644577  6.966832
11990.2957241565  4.41824
11991.6045838552  1.311267
11992.913443554  0.3267423
11994.2223032528  0.2803396
11995.5311629516  0.3362992
11996.8400226504  0.6099542
11998.1488823492  1.930197
11999.457742048  3.361257
12000.7666017468  3.760154
12002.0754614456  2.668722
12003.3843211444  1.860865
12004.6931808432  4.687517
12006.002040542  10.33366
12007.3109002408  12.09541
12008.6197599396  8.212036
12009.9286196384  2.460602
12011.2374793372  0.4387544
12012.546339036  0.3628844
12013.8551987348  0.4439605
12015.1640584336  0.439911
12016.4729181324  0.3783573
12017.7817778311  0.3302065
12019.0906375299  0.3169001
12020.3994972287  0.4843115
12021.7083569275  1.73358
12023.0172166263  4.272924
12024.3260763251  5.565823
12025.6349360239  4.696796
12026.9437957227  2.766519
12028.2526554215  4.63385
12029.5615151203  11.35393
12030.8703748191  14.64782
12032.1792345179  11.38767
12033.4880942167  4.179393
12034.7969539155  0.8803229
12036.1058136143  0.4085586
12037.4146733131  0.5243716
12038.7235330119  1.244939
12040.0323927107  0.4032062
12041.3412524095  0.5507107
12042.6501121082  0.828755
12043.958971807  0.9295029
12045.2678315058  0.7284445
12046.5766912046  0.5067258
12047.8855509034  0.3558485
12049.1944106022  0.3479145
12050.503270301  0.3946387
12051.8121299998  0.5551035
12053.1209896986  1.800685
12054.4298493974  4.524277
12055.7387090962  6.1565
12057.047568795  5.295682
12058.3564284938  2.775128
12059.6652881926  1.097664
12060.9741478914  0.6542338
12062.2830075902  0.576305
12063.591867289  0.7165639
12064.9007269878  0.5539428
12066.2095866866  0.7018769
12067.5184463854  0.7050016
12068.8273060841  0.5987833
12070.1361657829  0.4683969
12071.4450254817  0.3894466
12072.7538851805  0.3505669
12074.0627448793  0.294378
12075.3716045781  0.3055048
12076.6804642769  0.2948276
12077.9893239757  0.3066048
12079.2981836745  0.3387187
12080.6070433733  0.3778563
12081.9159030721  0.3986966
12083.2247627709  0.4382619
12084.5336224697  0.4471543
12085.8424821685  0.3820603
12087.1513418673  0.3098553
12088.4602015661  0.2847587
12089.7690612649  0.3034237
12091.0779209637  0.2771605
12092.3867806624  0.3454131
12093.6956403612  0.5584299
12095.00450006  0.7041598
12096.3133597588  0.829066
12097.6222194576  0.7791539
12098.9310791564  0.5863798
12100.2399388552  0.4086458
12101.548798554  0.3320264
12102.8576582528  0.3229392
12104.1665179516  0.3271721
12105.4753776504  0.3496998
12106.7842373492  0.3650316
12108.093097048  0.3392028
12109.4019567468  0.3118554
12110.7108164456  0.3164737
12112.0196761444  0.6136491
12113.3285358432  0.6192917
12114.637395542  0.2957942
12115.9462552408  0.3617927
12117.2551149395  0.923045
12118.5639746383  2.872134
12119.8728343371  12.07782
12121.1816940359  29.88294
12122.4905537347  39.2962
12123.7994134335  29.61103
12125.1082731323  11.10753
12126.4171328311  1.200666
12127.7259925299  0.6068254
12129.0348522287  1.103315
12130.3437119275  1.788027
12131.6525716263  2.046908
12132.9614313251  3.67092
12134.2702910239  9.321752
12135.5791507227  14.02658
12136.8880104215  12.30784
12138.1968701203  5.651554
12139.5057298191  0.3687404
12140.8145895179  11.43317
12142.1234492167  8.5187
12143.4323089155  0.2436752
12144.7411686142  0.9752219
12146.050028313  0.6587619
12147.3588880118  0.745701
12148.6677477106  0.8844997
12149.9766074094  0.7567912
12151.2854671082  0.7109751
12152.594326807  2.164169
12153.9031865058  4.387998
12155.2120462046  5.160844
12156.5209059034  3.525978
12157.8297656022  2.799326
12159.138625301  1.340367
12160.4474849998  0.5089133
12161.7563446986  0.6633878
12163.0652043974  0.6243753
12164.3740640962  0.6035137
12165.682923795  0.6845369
12166.9917834938  0.7294307
12168.3006431925  0.629909
12169.6095028913  0.4445352
12170.9183625901  0.4012245
12172.2272222889  0.4672857
12173.5360819877  0.4683331
12174.8449416865  0.4187019
12176.1538013853  0.4581057
12177.4626610841  0.867231
12178.7715207829  1.548754
12180.0803804817  1.817259
12181.3892401805  1.3751
12182.6980998793  0.747936
12184.0069595781  0.509885
12185.3158192769  0.3985745
12186.6246789757  0.3545607
12187.9335386745  0.3179733
12189.2423983733  0.3919188
12190.5512580721  0.34147
12191.8601177709  0.3695338
12193.1689774697  1.246891
12194.4778371684  5.152445
12195.7866968672  8.85782
12197.095556566  8.601684
12198.4044162648  4.413083
12199.7132759636  1.005275
12201.0221356624  0.3389159
12202.3309953612  0.3823464
12203.63985506  0.3965142
12204.9487147588  0.3823442
12206.2575744576  0.3550603
12207.5664341564  0.4217759
12208.8752938552  0.5727406
12210.184153554  0.6784504
12211.4930132528  0.8911632
12212.8018729516  1.047428
12214.1107326504  0.9789633
12215.4195923492  0.729498
12216.728452048  0.4853043
12218.0373117468  0.3732258
12219.3461714455  0.3533425
12220.6550311443  0.3948915
12221.9638908431  0.4718338
12223.2727505419  0.5232266
12224.5816102407  0.5065947
12225.8904699395  2.516217
12227.1993296383  13.64832
12228.5081893371  27.73118
12229.8170490359  28.99396
12231.1259087347  16.57874
12232.4347684335  3.25357
12233.7436281323  0.4967497
12235.0524878311  0.4358691
12236.3613475299  0.5171694
12237.6702072287  0.7236715
12238.9790669275  0.9030544
12240.2879266263  0.9310613
12241.5967863251  0.8255055
12242.9056460239  0.455624
12244.2145057226  0.383738
12245.5233654214  0.4509431
12246.8322251202  0.7219294
12248.141084819  0.9686693
12249.4499445178  1.087006
12250.7588042166  1.019344
12252.0676639154  0.9472333
12253.3765236142  0.7945197
12254.685383313  2.219982
12255.9942430118  7.484519
12257.3031027106  12.32024
12258.6119624094  11.00911
12259.9208221082  5.094162
12261.229681807  0.8360597
12262.5385415058  0.3548926
12263.8474012046  0.3412621
12265.1562609034  0.3119953
12266.4651206022  0.3189328
12267.773980301  0.3101424
12269.0828399997  0.3184893
12270.3916996985  0.3233867
12271.7005593973  0.3143875
12273.0094190961  0.283157
12274.3182787949  0.2783823
12275.6271384937  0.2922097
12276.9359981925  0.2957996
12278.2448578913  0.2992956
12279.5537175901  0.2750176
12280.8625772889  0.9848636
12282.1714369877  1.193202
12283.4802966865  2.177161
12284.7891563853  14.31121
12286.0980160841  31.41329
12287.4068757829  34.62363
12288.7157354817  20.59912
12290.0245951805  5.068164
12291.3334548793  1.112186
12292.6423145781  1.168585
12293.9511742768  0.9397055
12295.2600339756  0.7205287
12296.5688936744  0.7464808
12297.8777533732  0.7496871
12299.186613072  1.411528
12300.4954727708  1.319302
12301.8043324696  0.6135445
12303.1131921684  0.6954228
12304.4220518672  0.6353776
12305.730911566  0.5750446
12307.0397712648  0.5291301
12308.3486309636  0.5681851
12309.6574906624  0.5317127
12310.9663503612  0.5089012
12312.27521006  0.7009935
12313.5840697588  0.8991397
12314.8929294576  0.953889
12316.2017891564  0.7750458
12317.5106488552  0.4895293
12318.819508554  0.362184
12320.1283682527  0.3641187
12321.4372279515  0.3767856
12322.7460876503  1.478382
12324.0549473491  6.342403
12325.3638070479  10.87925
12326.6726667467  10.41686
12327.9815264455  5.087632
12329.2903861443  1.073712
12330.5992458431  0.3262082
12331.9081055419  0.3460586
12333.2169652407  0.3473534
12334.5258249395  0.3501032
12335.8346846383  0.596716
12337.1435443371  1.072124
12338.4524040359  0.6589668
12339.7612637347  0.3485928
12341.0701234335  0.3469085
12342.3789831323  0.4169759
12343.6878428311  0.568578
12344.9967025298  0.6050901
12346.3055622286  0.582558
12347.6144219274  0.8567761
12348.9232816262  6.710407
12350.232141325  20.22697
12351.5410010238  27.29844
12352.8498607226  21.21337
12354.1587204214  7.76527
12355.4675801202  1.451006
12356.776439819  0.6438006
12358.0852995178  0.4374133
12359.3941592166  0.4364548
12360.7030189154  0.6691716
12362.0118786142  0.8782896
12363.320738313  1.054237
12364.6295980118  0.8603189
12365.9384577106  0.6563227
12367.2473174094  0.4295996
12368.5561771082  0.3813429
12369.8650368069  0.3659941
12371.1738965057  0.3911541
12372.4827562045  0.3926812
12373.7916159033  0.4181647
12375.1004756021  0.5367921
12376.4093353009  0.7231266
12377.7181949997  0.8049216
12379.0270546985  0.6497822
12380.3359143973  0.4440562
12381.6447740961  0.333329
12382.9536337949  0.3500048
12384.2624934937  0.3689345
12385.5713531925  0.3629921
12386.8802128913  0.3552108
12388.1890725901  0.3544875
12389.4979322889  0.4281631
12390.8067919877  0.6425649
12392.1156516865  0.9887349
12393.4245113853  1.073107
12394.7333710841  0.8930727
12396.0422307828  0.5015029
12397.3510904816  0.7776409
12398.6599501804  3.182395
12399.9688098792  6.788492
12401.277669578  7.37355
12402.5865292768  4.589437
12403.8953889756  1.221677
12405.2042486744  0.4254522
12406.5131083732  0.3896524
12407.821968072  0.324701
12409.1308277708  0.2843241
12410.4396874696  0.3123603
12411.7485471684  0.3275364
12413.0574068672  0.3820023
12414.366266566  0.4021621
12415.6751262648  0.4150006
12416.9839859636  0.4451331
12418.2928456624  0.3791243
12419.6017053612  0.8855392
12420.9105650599  5.090713
12422.2194247587  12.45883
12423.5282844575  15.05299
12424.8371441563  10.79975
12426.1460038551  3.735528
12427.4548635539  1.107167
12428.7637232527  0.7924384
12430.0725829515  0.5092818
12431.3814426503  0.3753034
12432.6903023491  0.3843053
12433.9991620479  0.3834655
12435.3080217467  0.3704132
12436.6168814455  0.3287739
12437.9257411443  0.3148312
12439.2346008431  0.3255446
12440.5434605419  0.378625
12441.8523202407  0.4758117
12443.1611799395  0.5351796
12444.4700396383  0.4749081
12445.778899337  0.4793172
12447.0877590358  0.5860149
12448.3966187346  0.6444293
12449.7054784334  0.6376368
12451.0143381322  0.7304268
12452.323197831  0.807169
12453.6320575298  0.6665837
12454.9409172286  0.5365945
12456.2497769274  0.5467961
12457.5586366262  0.5438196
12458.867496325  0.4755044
12460.1763560238  0.3936403
12461.4852157226  0.4186807
12462.7940754214  0.4645877
12464.1029351202  0.4132855
12465.411794819  0.6495075
12466.7206545178  0.6701815
12468.0295142166  0.5206636
12469.3383739154  0.6836448
12470.6472336141  0.8004878
12471.9560933129  0.8452996
12473.2649530117  0.8252395
12474.5738127105  0.9323211
12475.8826724093  1.078476
12477.1915321081  1.06986
12478.5003918069  0.9046924
12479.8092515057  1.30674
12481.1181112045  3.078682
12482.4269709033  4.52897
12483.7358306021  4.002095
12485.0446903009  2.325496
12486.3535499997  1.292375
12487.6624096985  0.8633484
12488.9712693973  0.5368657
12490.2801290961  0.3856479
12491.5889887949  0.3510389
12492.8978484937  0.3557605
12494.2067081925  0.484709
12495.5155678912  0.6744273
12496.82442759  0.7249206
12498.1332872888  0.6430225
12499.4421469876  1.668196
12500.7510066864  4.778916
12502.0598663852  7.174222
12503.368726084  6.156831
12504.6775857828  2.895447
12505.9864454816  0.7289063
12507.2953051804  0.3537518
12508.6041648792  0.5342403
12509.913024578  0.8309337
12511.2218842768  0.9855014
12512.5307439756  0.8338376
12513.8396036744  0.5669824
12515.1484633732  0.4617947
12516.457323072  0.416518
12517.7661827708  0.3896414
12519.0750424696  0.3899752
12520.3839021683  0.4252563
12521.6927618671  0.4417363
12523.0016215659  0.4985848
12524.3104812647  0.9242713
12525.6193409635  1.416829
12526.9282006623  1.439966
12528.2370603611  0.9366964
12529.5459200599  0.535952
12530.8547797587  0.4533141
12532.1636394575  0.4476318
12533.4724991563  0.3976614
12534.7813588551  0.3451898
12536.0902185539  0.3560144
12537.3990782527  0.3877984
12538.7079379515  0.4449187
12540.0167976503  0.9435129
12541.3256573491  1.69379
12542.6345170479  1.95875
12543.9433767467  1.350818
12545.2522364455  0.6291727
12546.5610961442  0.4543467
12547.869955843  0.4340412
12549.1788155418  0.3780397
12550.4876752406  0.3637682
12551.7965349394  0.3674808
12553.1053946382  0.3729178
12554.414254337  0.4377806
12555.7231140358  1.129238
12557.0319737346  1.746971
12558.3408334334  1.824236
12559.6496931322  1.354006
12560.958552831  0.7076545
12562.2674125298  0.5310662
12563.5762722286  0.5530127
12564.8851319274  0.490649
12566.1939916262  0.403826
12567.502851325  0.4659544
12568.8117110238  0.9411356
12570.1205707226  2.009729
12571.4294304213  2.825723
12572.7382901201  3.115535
12574.0471498189  2.541389
12575.3560095177  1.746483
12576.6648692165  0.9438097
12577.9737289153  0.4810615
12579.2825886141  0.4524972
12580.5914483129  0.4194024
12581.9003080117  0.4611071
12583.2091677105  0.4932967
12584.5180274093  0.5582396
12585.8268871081  1.111185
12587.1357468069  2.493693
12588.4446065057  4.126749
12589.7534662045  4.839911
12591.0623259033  3.975886
12592.3711856021  2.349228
12593.6800453009  1.251658
12594.9889049997  0.8680826
12596.2977646985  1.092713
12597.6066243972  1.276268
12598.915484096  1.303197
12600.2243437948  1.401384
12601.5332034936  1.398706
12602.8420631924  1.732038
12604.1509228912  2.157012
12605.45978259  2.741659
12606.7686422888  3.514745
12608.0775019876  3.830137
12609.3863616864  3.773306
12610.6952213852  3.233616
12612.004081084  3.112266
12613.3129407828  3.26645
12614.6218004816  3.21475
12615.9306601804  3.196624
12617.2395198792  3.057752
12618.548379578  2.873769
12619.8572392768  2.65475
12621.1660989756  2.337178
12622.4749586743  2.468641
12623.7838183731  3.07476
12625.0926780719  3.465883
12626.4015377707  3.281265
12627.7103974695  2.422701
12629.0192571683  1.727246
12630.3281168671  1.600133
12631.6369765659  1.690709
12632.9458362647  1.886715
12634.2546959635  1.831915
12635.5635556623  1.519015
12636.8724153611  1.223243
12638.1812750599  1.122904
12639.4901347587  1.454159
12640.7989944575  2.447603
12642.1078541563  3.194162
12643.4167138551  3.006857
12644.7255735539  1.907177
12646.0344332526  1.067844
12647.3432929514  1.216726
12648.6521526502  1.48411
12649.961012349  1.39533
12651.2698720478  1.10705
12652.5787317466  0.9080869
12653.8875914454  0.8658661
12655.1964511442  1.324683
12656.505310843  1.726673
12657.8141705418  2.173924
12659.1230302406  3.209
12660.4318899394  3.904239
12661.7407496382  3.346762
12663.049609337  2.48388
12664.3584690358  2.92358
12665.6673287346  3.834893
12666.9761884334  3.816179
12668.2850481322  2.774784
12669.593907831  3.674456
12670.9027675298  2.119671
12672.2116272286  2.763163
12673.5204869273  5.223581
12674.8293466261  5.931669
12676.1382063249  4.167297
12677.4470660237  1.953658
12678.7559257225  1.148845
12680.0647854213  1.566668
12681.3736451201  5.663217
12682.6825048189  13.7718
12683.9913645177  21.45055
12685.3002242165  23.12664
12686.6090839153  19.332
12687.9179436141  15.34469
12689.2268033129  12.87479
12690.5356630117  11.63229
12691.8445227105  11.02016
12693.1533824093  10.218
12694.4622421081  13.3043
12695.7711018069  12.64441
12697.0799615056  12.95248
12698.3888212044  12.4249
12699.6976809032  10.74621
12701.006540602  8.502636
12702.3154003008  5.785721
12703.6242599996  3.144495
12704.9331196984  3.256655
12706.2419793972  4.3491
12707.550839096  5.250182
12708.8596987948  6.665876
12710.1685584936  6.517926
12711.4774181924  5.208628
12712.7862778912  2.344989
12714.09513759  1.184644
12715.4039972888  1.982193
12716.7128569876  2.843784
12718.0217166864  3.880292
12719.3305763852  4.869438
12720.639436084  4.445542
12721.9482957827  3.296432
12723.2571554815  3.357104
12724.5660151803  5.768372
12725.8748748791  7.005716
12727.1837345779  5.686508
12728.4925942767  4.359063
12729.8014539755  4.480717
12731.1103136743  3.994428
12732.4191733731  2.415555
12733.7280330719  0.93374
12735.0368927707  1.133442
12736.3457524695  2.463114
12737.6546121683  3.560817
12738.9634718671  4.464015
12740.2723315659  4.928836
12741.5811912647  5.234439
12742.8900509635  6.912999
12744.1989106623  8.191937
12745.5077703611  8.72953
12746.8166300599  8.276711
12748.1254897586  8.767227
12749.4343494574  10.01987
12750.7432091562  12.86682
12752.052068855  16.12376
12753.3609285538  14.42248
12754.6697882526  7.96043
12755.9786479514  2.541542
12757.2875076502  2.943362
12758.596367349  6.727978
12759.9052270478  10.3603
12761.2140867466  13.5241
12762.5229464454  19.70214
12763.8318061442  24.8313
12765.140665843  20.88688
12766.4495255418  9.97369
12767.7583852406  2.050841
12769.0672449394  2.583484
12770.3761046382  4.997929
12771.684964337  6.392859
12772.9938240357  6.627398
12774.3026837345  7.365588
12775.6115434333  9.98234
12776.9204031321  10.4787
12778.2292628309  7.438973
12779.5381225297  6.139019
12780.8469822285  16.29642
12782.1558419273  30.15504
12783.4647016261  31.81832
12784.7735613249  21.07925
12786.0824210237  9.145056
12787.3912807225  3.783231
12788.7001404213  1.360312
12790.0090001201  0.5287603
12791.3178598189  0.5654603
12792.6267195177  1.170375
12793.9355792165  2.080382
12795.2444389153  2.747269
12796.5532986141  2.898518
12797.8621583129  2.990129
12799.1710180116  5.800463
12800.4798777104  10.13945
12801.7887374092  12.63342
12803.097597108  11.79387
12804.4064568068  14.31131
12805.7153165056  23.02583
12807.0241762044  26.44207
12808.3330359032  18.82206
12809.641895602  6.987791
12810.9507553008  1.373015
12812.2596149996  0.7508431
12813.5684746984  0.458277
12814.8773343972  0.4117635
12816.186194096  0.4036289
12817.4950537948  0.5708486
12818.8039134936  0.7696213
12820.1127731924  0.8500694
12821.4216328912  1.11251
12822.7304925899  3.093661
12824.0393522887  5.307078
12825.3482119875  5.462533
12826.6570716863  3.121344
12827.9659313851  0.9842819
12829.2747910839  0.7479994
12830.5836507827  1.233896
12831.8925104815  3.459169
12833.2013701803  7.871635
12834.5102298791  10.02697
12835.8190895779  7.585912
12837.1279492767  2.789531
12838.4368089755  0.5501414
12839.7456686743  0.3904752
12841.0545283731  0.379519
12842.3633880719  0.6707588
12843.6722477707  2.333441
12844.9811074695  4.009774
12846.2899671683  3.995667
12847.5988268671  2.136072
12848.9076865658  0.6783836
12850.2165462646  0.3855101
12851.5254059634  0.3783314
12852.8342656622  0.379694
12854.143125361  0.3327616
12855.4519850598  0.3925553
12856.7608447586  0.4186525
12858.0697044574  0.4120462
12859.3785641562  0.426193
12860.687423855  0.4531485
12861.9962835538  0.5285575
12863.3051432526  0.6701131
12864.6140029514  1.58318
12865.9228626502  2.692301
12867.231722349  2.759119
12868.5405820478  1.650304
12869.8494417466  0.8104112
12871.1583014454  0.856016
12872.4671611442  1.021378
12873.7760208429  0.863412
12875.0848805417  0.5769656
12876.3937402405  0.3734713
12877.7025999393  0.2993101
12879.0114596381  0.3792651
12880.3203193369  0.6783277
12881.6291790357  1.142246
12882.9380387345  1.422496
12884.2468984333  1.23464
12885.5557581321  1.087456
12886.8646178309  1.516528
12888.1734775297  1.786721
12889.4823372285  1.396855
12890.7911969273  0.7798709
12892.1000566261  0.9058349
12893.4089163249  1.426955
12894.7177760237  1.866253
12896.0266357225  1.900653
12897.3354954213  1.619552
12898.64435512  1.290575
12899.9532148188  1.364479
12901.2620745176  3.273187
12902.5709342164  12.36618
12903.8797939152  38.68125
12905.188653614  61.65681
12906.4975133128  55.72233
12907.8063730116  26.9837
12909.1152327104  5.002117
12910.4240924092  1.463534
12911.732952108  1.276373
12913.0418118068  1.352568
12914.3506715056  2.144664
12915.6595312044  2.575678
12916.9683909032  2.305266
12918.277250602  5.092213
12919.5861103008  15.89858
12920.8949699996  23.7928
12922.2038296984  20.40416
12923.5126893972  8.458464
12924.8215490959  1.370561
12926.1304087947  0.4907198
12927.4392684935  0.5000472
12928.7481281923  0.5327264
12930.0569878911  0.6276436
12931.3658475899  0.7048233
12932.6747072887  0.6919018
12933.9835669875  0.8494939
12935.2924266863  1.172701
12936.6012863851  1.202927
12937.9101460839  0.8809753
12939.2190057827  0.6989095
12940.5278654815  2.53414
12941.8367251803  6.661653
12943.1455848791  8.983849
12944.4544445779  7.079525
12945.7633042767  2.979997
12947.0721639755  1.005451
12948.3810236743  0.4958373
12949.689883373  0.5134099
12950.9987430718  0.5865927
12952.3076027706  0.8191241
12953.6164624694  1.051798
12954.9253221682  1.078435
12956.234181867  0.8060873
12957.5430415658  0.5098322
12958.8519012646  0.5495654
12960.1607609634  0.5883396
12961.4696206622  0.6453587
12962.778480361  0.7515705
12964.0873400598  0.8026727
12965.3961997586  0.7018832
12966.7050594574  0.4976541
12968.0139191562  0.5192906
12969.322778855  1.087936
12970.6316385538  2.237035
12971.9404982526  3.033074
12973.2493579513  2.625904
12974.5582176501  1.503736
12975.8670773489  0.6974353
12977.1759370477  0.5509655
12978.4847967465  0.6255341
12979.7936564453  -0.1531255
12981.1025161441  6.095963
12982.4113758429  8.363999
12983.7202355417  6.932597
12985.0290952405  13.96828
12986.3379549393  13.67469
12987.6468146381  7.304008
12988.9556743369  1.528573
12990.2645340357  0.4011404
12991.5733937345  0.3683229
12992.8822534333  0.3771884
12994.1911131321  0.4685184
12995.4999728309  0.6439298
12996.8088325297  0.7770295
12998.1176922285  0.7958175
12999.4265519272  0.8171877
13000.735411626  1.100053
13002.0442713248  1.467428
13003.3531310236  1.423827
13004.6619907224  1.127502
13005.9708504212  0.946537
13007.27971012  1.033239
13008.5885698188  1.093856
13009.8974295176  0.9938611
13011.2062892164  1.077331
13012.5151489152  1.342389
13013.824008614  1.601426
13015.1328683128  1.492137
13016.4417280116  1.189024
13017.7505877104  1.397272
13019.0594474092  12.57454
13020.368307108  35.89357
13021.6771668068  47.60683
13022.9860265056  35.20857
13024.2948862043  11.91868
13025.6037459031  1.249539
13026.9126056019  0.4924185
13028.2214653007  0.40706
13029.5303249995  0.3848528
13030.8391846983  0.3607079
13032.1480443971  0.344173
13033.4569040959  0.3667248
13034.7657637947  0.3700017
13036.0746234935  0.3645277
13037.3834831923  0.3371125
13038.6923428911  0.3077311
13040.0012025899  0.3189389
13041.3100622887  0.3689201
13042.6189219875  0.4484192
13043.9277816863  0.5081814
13045.2366413851  0.5314177
13046.5455010839  0.4958153
13047.8543607827  0.6021546
13049.1632204814  1.587838
13050.4720801802  8.356594
13051.780939879  18.23158
13053.0897995778  20.90023
13054.3986592766  13.61591
13055.7075189754  4.106964
13057.0163786742  0.9041844
13058.325238373  0.6256388
13059.6340980718  0.6074054
13060.9429577706  0.6391566
13062.2518174694  0.5492541
13063.5606771682  0.4115962
13064.869536867  0.3463126
13066.1783965658  0.3213396
13067.4872562646  0.284411
13068.7961159634  0.2824678
13070.1049756622  0.2866711
13071.413835361  0.3028948
13072.7226950598  0.3383438
13074.0315547586  0.3444325
13075.3404144573  0.3639532
13076.6492741561  0.3682961
13077.9581338549  0.4125242
13079.2669935537  0.3657265
13080.5758532525  0.880111
13081.8847129513  8.878765
13083.1935726501  26.01794
13084.5024323489  50.52351
13085.8112920477  53.12537
13087.1201517465  30.71119
13088.4290114453  7.022371
13089.7378711441  1.018892
13091.0467308429  0.6274618
13092.3555905417  0.4023569
13093.6644502405  0.3823595
13094.9733099393  0.3925131
13096.2821696381  0.3321317
13097.5910293369  0.3115932
13098.8998890357  0.3531091
13100.2087487344  0.4634479
13101.5176084332  0.5027736
13102.826468132  0.4582099
13104.1353278308  0.5349137
13105.4441875296  0.7046598
13106.7530472284  0.7450166
13108.0619069272  0.6290928
13109.370766626  0.4856821
13110.6796263248  0.3756999
13111.9884860236  0.3086881
13113.2973457224  0.2779644
13114.6062054212  0.284887
13115.91506512  0.294965
13117.2239248188  0.339394
13118.5327845176  0.379507
13119.8416442164  0.3298395
13121.1505039152  0.3563114
13122.459363614  0.5928408
13123.7682233128  1.190944
13125.0770830116  4.702178
13126.3859427103  13.27048
13127.6948024091  18.20605
13129.0036621079  15.02946
13130.3125218067  6.402503
13131.6213815055  1.906636
13132.9302412043  1.013557
13134.2391009031  0.5870646
13135.5479606019  0.3944174
13136.8568203007  0.4593772
13138.1656799995  0.7852067
13139.4745396983  1.246703
13140.7833993971  1.462601
13142.0922590959  1.559985
13143.4011187947  1.247108
13144.7099784935  0.9020036
13146.0188381923  0.5290906
13147.3276978911  0.4367688
13148.6365575899  0.4090554
13149.9454172886  0.4532383
13151.2542769874  0.4188247
13152.5631366862  0.686219
13153.871996385  6.778069
13155.1808560838  24.08424
13156.4897157826  38.41689
13157.7985754814  33.55291
13159.1074351802  15.06555
13160.416294879  2.407581
13161.7251545778  0.5958135
13163.0340142766  0.4597197
13164.3428739754  0.4877521
13165.6517336742  0.4399126
13166.960593373  0.3819019
13168.2694530718  0.3644783
13169.5783127706  0.3169946
13170.8871724694  0.3145743
13172.1960321682  0.3251794
13173.504891867  0.3236547
13174.8137515657  0.3258492
13176.1226112645  0.3136001
13177.4314709633  0.3360712
13178.7403306621  0.3565064
13180.0491903609  0.3657163
13181.3580500597  0.3187201
13182.6669097585  0.276218
13183.9757694573  0.2879111
13185.2846291561  0.2964377
13186.5934888549  0.3154566
13187.9023485537  0.3785557
13189.2112082525  0.4000591
13190.5200679513  0.3623073
13191.8289276501  0.3150112
13193.1377873489  0.2803189
13194.4466470477  0.2593578
13195.7555067465  0.2473722
13197.0643664453  0.2811002
13198.3732261441  0.285046
13199.6820858429  0.2783969
13200.9909455416  0.2919949
13202.2998052404  0.3007805
13203.6086649392  0.2951323
13204.917524638  0.3006945
13206.2263843368  0.3798629
13207.5352440356  1.663008
13208.8441037344  6.82733
13210.1529634332  12.11034
13211.461823132  11.86263
13212.7706828308  6.448532
13214.0795425296  1.458008
13215.3884022284  0.6487979
13216.6972619272  0.793325
13218.006121626  0.7628717
13219.3149813248  0.6853464
13220.6238410236  0.7724571
13221.9327007224  0.9441307
13223.2415604212  0.8685913
13224.55042012  0.5986278
13225.8592798187  0.5261727
13227.1681395175  0.6146798
13228.4769992163  0.6070904
13229.7858589151  0.4823178
13231.0947186139  0.4343472
13232.4035783127  0.8935441
13233.7124380115  6.054488
13235.0212977103  17.85592
13236.3301574091  25.35816
13237.6390171079  20.71314
13238.9478768067  8.800558
13240.2567365055  1.479151
13241.5655962043  0.4110969
13242.8744559031  0.5586159
13244.1833156019  0.4639307
13245.4921753007  0.6987085
13246.8010349995  1.069952
13248.1098946983  1.009051
13249.4187543971  0.6232953
13250.7276140958  0.3372183
13252.0364737946  0.3018228
13253.3453334934  0.298433
13254.6541931922  0.3428083
13255.963052891  0.3545642
13257.2719125898  0.5563401
13258.5807722886  0.4617122
13259.8896319874  0.2824157
13261.1984916862  0.2598756
13262.507351385  0.2432713
13263.8162110838  0.2340123
13265.1250707826  0.5913702
13266.4339304814  1.148225
13267.7427901802  1.221108
13269.051649879  1.061286
13270.3605095778  0.7956309
13271.6693692766  0.4859393
13272.9782289754  0.8901227
13274.2870886742  0.787613
13275.595948373  0.8588072
13276.9048080717  1.11761
13278.2136677705  1.159212
13279.5225274693  1.030034
13280.8313871681  0.8406819
13282.1402468669  0.5202179
13283.4491065657  0.264116
13284.7579662645  0.1915483
13286.0668259633  0.219274
13287.3756856621  0.2179141
13288.6845453609  0.2427285
13289.9934050597  0.2249928
13291.3022647585  0.24202
13292.6111244573  0.2305709
13293.9199841561  0.2708021
13295.2288438549  0.3718697
13296.5377035537  0.6127024
13297.8465632525  0.9454865
13299.1554229513  1.958593
13300.4642826501  4.233996
13301.7731423488  5.493836
13303.0820020476  4.408518
13304.3908617464  1.820257
13305.6997214452  0.4797357
13307.008581144  0.2724751
13308.3174408428  0.2519166
13309.6263005416  0.2420875
13310.9351602404  0.2027137
13312.2440199392  0.2148893
13313.552879638  0.2155493
13314.8617393368  0.2398667
13316.1705990356  0.2527215
13317.4794587344  0.2596751
13318.7883184332  0.2524112
13320.097178132  0.3723015
13321.4060378308  1.907272
13322.7148975296  6.743751
13324.0237572284  11.22857
13325.3326169272  11.00733
13326.6414766259  6.042796
13327.9503363247  1.608698
13329.2591960235  0.3418012
13330.5680557223  0.2813728
13331.8769154211  0.303577
13333.1857751199  0.2864255
13334.4946348187  0.2963293
13335.8034945175  0.3698003
13337.1123542163  0.678526
13338.4212139151  1.132887
13339.7300736139  0.5365994
13341.0389333127  0.3670644
13342.3477930115  0.3948196
13343.6566527103  0.4569408
13344.9655124091  0.3051388
13346.2743721079  0.3483114
13347.5832318067  0.3736965
13348.8920915055  0.3759777
13350.2009512043  0.4588249
13351.509810903  0.5562649
13352.8186706018  0.5672804
13354.1275303006  0.4238267
13355.4363899994  0.2982012
13356.7452496982  0.2234632
13358.054109397  0.2254034
13359.3629690958  0.2646037
13360.6718287946  0.3945441
13361.9806884934  0.485266
13363.2895481922  0.4571523
13364.598407891  0.3380606
13365.9072675898  0.2525631
13367.2161272886  0.2514482
13368.5249869874  0.2238585
13369.8338466862  0.2109526
13371.142706385  0.2159918
13372.4515660838  0.2245142
13373.7604257826  0.2208338
13375.0692854814  0.2129485
13376.3781451802  0.2305168
13377.6870048789  0.2156956
13378.9958645777  0.2053628
13380.3047242765  0.2410167
13381.6135839753  0.2261377
13382.9224436741  0.2500004
13384.2313033729  0.2610917
13385.5401630717  0.2531149
13386.8490227705  0.2333228
13388.1578824693  0.249825
13389.4667421681  0.2368521
13390.7756018669  0.2720441
13392.0844615657  0.3454054
13393.3933212645  0.4841111
13394.7021809633  0.5692924
13396.0110406621  0.5374029
13397.3199003609  0.7512888
13398.6287600597  1.674037
13399.9376197585  3.117096
13401.2464794573  3.220381
13402.555339156  3.533079
13403.8641988548  6.214595
13405.1730585536  0.7624954
13406.4819182524  0.2815495
13407.7907779512  0.2830735
13409.09963765  0.2013776
13410.4084973488  0.2597529
13411.7173570476  0.3905248
13413.0262167464  0.6292598
13414.3350764452  0.7974216
13415.643936144  0.8268242
13416.9527958428  0.740168
13418.2616555416  1.466815
13419.5705152404  3.543642
13420.8793749392  5.806635
13422.188234638  6.001999
13423.4970943368  3.731654
13424.8059540356  1.543085
13426.1148137344  0.7875069
13427.4236734331  0.6257036
13428.7325331319  0.4131807
13430.0413928307  0.240191
13431.3502525295  0.2080016
13432.6591122283  0.1985585
13433.9679719271  0.2169487
13435.2768316259  0.2363778
13436.5856913247  0.3586428
13437.8945510235  -0.3926145
13439.2034107223  4.462697
13440.5122704211  13.1082
13441.8211301199  0.3358969
13443.1299898187  0.1112898
13444.4388495175  0.2161547
13445.7477092163  0.2472291
13447.0565689151  0.3788818
13448.3654286139  0.4394933
13449.6742883127  0.3807976
13450.9831480115  0.2442947
13452.2920077102  0.2121051
13453.600867409  0.2041862
13454.9097271078  0.1781605
13456.2185868066  0.1732688
13457.5274465054  0.1734666
13458.8363062042  0.1591862
13460.145165903  0.1687087
13461.4540256018  0.1832871
13462.7628853006  0.170002
13464.0717449994  0.1312569
13465.3806046982  0.1460596
13466.689464397  0.14655
13467.9983240958  0.1622116
13469.3071837946  0.1482254
13470.6160434934  0.1641332
13471.9249031922  0.1627408
13473.233762891  0.163851
13474.5426225898  0.1307889
13475.8514822886  0.1624064
13477.1603419874  -0.2323791
13478.4692016861  2.413377
13479.7780613849  5.273382
13481.0869210837  -0.03513579
13482.3957807825  0.1176706
13483.7046404813  0.09724353
13485.0135001801  0.09098618
13486.3223598789  0.1008683
13487.6312195777  0.1100915
13488.9400792765  0.1155344
13490.2489389753  0.1236445
13491.5577986741  0.1315385
13492.8666583729  0.1454492
13494.1755180717  0.1619693
13495.4843777705  0.1353911
13496.7932374693  0.1184052
13498.1020971681  0.1477906
13499.4109568669  0.1483568
13500.7198165657  0.139214
13502.0286762644  0.1435616
13503.3375359632  0.1416044
13504.646395662  0.1436209
13505.9552553608  0.3061287
13507.2641150596  0.5889773
13508.5729747584  1.72112
13509.8818344572  2.240978
13511.190694156  0.5941921
13512.4995538548  0.3861377
13513.8084135536  0.304864
13515.1172732524  0.2265454
13516.4261329512  0.1430458
13517.73499265  0.08662205
13519.0438523488  0.1181451
13520.3527120476  0.1410782
13521.6615717464  0.2043492
13522.9704314452  -0.4228975
13524.279291144  5.054092
13525.5881508428  8.488245
13526.8970105416  0.6437215
13528.2058702403  1.083422
13529.5147299391  0.6054918
13530.8235896379  0.2413209
13532.1324493367  0.1061557
13533.4413090355  0.1207382
13534.7501687343  0.1182724
13536.0590284331  0.09890743
13537.3678881319  0.07960953
13538.6767478307  0.1073266
13539.9856075295  0.1136946
13541.2944672283  0.1102207
13542.6033269271  0.108881
13543.9121866259  0.1132836
13545.2210463247  0.1108728
13546.5299060235  0.09998655
13547.8387657223  0.1012862
13549.1476254211  0.09537684
13550.4564851199  0.1043226
13551.7653448187  0.115187
13553.0742045174  0.1120029
13554.3830642162  0.1010951
13555.691923915  0.08111431
13557.0007836138  0.08377166
13558.3096433126  0.08624707
13559.6185030114  0.08982611
13560.9273627102  0.097518
13562.236222409  0.09282117
13563.5450821078  0.1063703
13564.8539418066  0.1083006
13566.1628015054  0.1083921
13567.4716612042  0.1028998
13568.780520903  0.08596283
13570.0893806018  0.0615675
13571.3982403006  0.09191152
13572.7070999994  0.1192136
13574.0159596982  0.1272735
13575.324819397  0.1250293
13576.6336790958  0.1090466
13577.9425387945  0.1012574
13579.2513984933  0.1117875
13580.5602581921  0.1133155
13581.8691178909  0.1056108
13583.1779775897  0.1631064
13584.4868372885  -0.4692091
13585.7956969873  4.870661
13587.1045566861  5.879491
13588.4134163849  -0.4704018
13589.7222760837  0.1276066
13591.0311357825  0.04749817
13592.3399954813  0.04584315
13593.6488551801  0.06182113
13594.9577148789  0.09914035
13596.2665745777  0.1179923
13597.5754342765  0.1050781
13598.8842939753  0.09396154
13600.1931536741  0.0684016
