19100.  0.3689429
19102.1729  0.392743
19104.3458  0.4469541
19106.5187  0.5446332
19108.6916  0.6535466
19110.8645  0.6861729
19113.0374  0.6195476
19115.2103  0.4640349
19117.3832  0.3534604
19119.5561  0.3276879
19121.729  0.31882
19123.9019  0.3118099
19126.0748  0.3126389
19128.2477  0.3428291
19130.4206  0.3590054
19132.5935  0.3508966
19134.7664  0.3420011
19136.9393  0.336597
19139.1122  0.3192185
19141.2851  0.329809
19143.458  0.3545974
19145.6309  0.3551105
19147.8038  0.3704034
19149.9767  0.4512932
19152.1496  0.5124076
19154.3225  0.5323941
19156.4954  0.5636736
19158.6683  0.5611285
19160.8412  0.5226647
19163.0141  0.4499628
19165.187  0.4255574
19167.3599  0.3525013
19169.5328  0.3032552
19171.7057  0.3019232
19173.8786  0.3310255
19176.0515  0.316942
19178.2244  0.2972186
19180.3973  0.3353898
19182.5702  0.3561693
19184.7431  0.3488289
19186.916  0.737737
19189.0889  3.380193
19191.2618  7.885621
19193.4347  9.363584
19195.6076  6.178936
19197.7805  2.045135
19199.9534  0.5646899
19202.1263  0.4670483
19204.2992  0.4777831
19206.4721  0.5117607
19208.645  0.560258
19210.8179  0.5219566
19212.9908  0.4591959
19215.1637  0.4016473
19217.3366  0.3770711
19219.5095  0.3223986
19221.6824  0.3282574
19223.8553  0.3343238
19226.0282  0.3530286
19228.2011  0.3726515
19230.374  0.3856992
19232.5469  0.3988532
19234.7198  0.452181
19236.8927  0.5494872
19239.0656  0.7262142
19241.2385  0.8826723
19243.4114  2.190715
19245.5843  13.34048
19247.7572  35.96786
19249.9301  48.13107
19252.103  36.26374
19254.2759  13.80554
19256.4488  2.22026
19258.6217  0.6147159
19260.7946  0.6319248
19262.9675  0.5328916
19265.1404  0.5362626
19267.3133  0.5799928
19269.4862  0.6353788
19271.6591  0.6229447
19273.832  0.5753556
19276.0049  0.5066103
19278.1778  0.4716426
19280.3507  0.489911
19282.5236  0.5694853
19284.6965  0.6312287
19286.8694  0.6334941
19289.0423  0.5783868
19291.2152  0.7308156
19293.3881  1.40372
19295.561  2.228014
19297.7339  2.492651
19299.9068  1.988634
19302.0797  1.218741
19304.2526  0.7400433
19306.4255  0.6301886
19308.5984  0.6568499
19310.7713  0.8753982
19312.9442  1.44155
19315.1171  2.021992
19317.29  2.405604
19319.4629  2.327713
19321.6358  1.778526
19323.8087  1.069344
19325.9816  0.604296
19328.1545  3.382204
19330.3274  6.377325
19332.5003  4.292716
19334.6732  2.035111
19336.8461  2.417952
19339.019  2.603683
19341.1919  2.318696
19343.3648  2.753804
19345.5377  8.870733
19347.7106  19.86489
19349.8835  25.8032
19352.0564  19.50344
19354.2293  8.019874
19356.4022  2.285545
19358.5751  1.788661
19360.748  1.807892
19362.9209  1.317321
19365.0938  0.9074276
19367.2667  0.7688357
19369.4396  0.6894695
19371.6125  0.5995681
19373.7854  0.5575777
19375.9583  0.5643613
19378.1312  0.6384009
19380.3041  0.7222627
19382.477  0.729156
19384.6499  0.7327206
19386.8228  0.8754745
19388.9957  1.322154
19391.1686  1.852983
19393.3415  4.498431
19395.5144  14.00145
19397.6873  25.65948
19399.8602  27.219
19402.0331  16.28803
19404.206  4.882586
19406.3789  1.049816
19408.5518  0.8961532
19410.7247  0.8788061
19412.8976  0.8457652
19415.0705  0.7950709
19417.2434  0.705534
19419.4163  0.6193995
19421.5892  0.549917
19423.7621  0.526402
19425.935  0.538805
19428.1079  0.5397067
19430.2808  0.5642403
19432.4537  0.661307
19434.6266  0.7513559
19436.7995  0.7285912
19438.9724  0.6389162
19441.1453  0.5859809
19443.3182  0.5779837
19445.4911  0.6375263
19447.664  0.7049804
19449.8369  0.6772836
19452.0098  0.6176825
19454.1827  0.2970873
19456.3556  0.4015481
19458.5285  0.7036136
19460.7014  1.008633
19462.8743  1.475004
19465.0472  1.626974
19467.2201  1.527498
19469.393  1.849743
19471.5659  2.117582
19473.7388  2.012329
19475.9117  1.755111
19478.0846  1.536731
19480.2575  1.423571
19482.4304  1.295645
19484.6033  1.218751
19486.7762  1.13311
19488.9491  0.9285406
19491.122  0.7731837
19493.2949  0.7847705
19495.4678  0.973332
19497.6407  1.175292
19499.8136  1.233017
19501.9865  1.048157
19504.1594  0.8877976
19506.3323  1.350439
19508.5052  2.572441
19510.6781  3.852746
19512.851  6.263168
19515.0239  12.81787
19517.1968  20.22946
19519.3697  21.20418
19521.5426  14.61295
19523.7155  7.776706
19525.8884  5.750638
19528.0613  5.681119
19530.2342  4.583018
19532.4071  2.817906
19534.58  2.446381
19536.7529  3.393373
19538.9258  3.881341
19541.0987  3.355993
19543.2716  2.444733
19545.4445  1.632773
19547.6174  1.101085
19549.7903  1.517357
19551.9632  3.311409
19554.1361  5.374761
19556.309  12.48436
19558.4819  22.24666
19560.6548  22.98798
19562.8277  15.93099
19565.0006  7.503894
19567.1735  2.330128
19569.3464  1.757914
19571.5193  2.759593
19573.6922  3.323301
19575.8651  2.817332
19578.038  1.872305
19580.2109  1.237303
19582.3838  1.001292
19584.5567  0.9648774
19586.7296  1.197893
19588.9025  3.8263
19591.0754  9.397056
19593.2483  12.48577
19595.4212  9.603083
19597.5941  4.036554
19599.767  1.094697
19601.9399  0.7932101
19604.1128  0.8062707
19606.2857  0.9714592
19608.4586  1.418217
19610.6315  1.653415
19612.8044  2.419469
19614.9773  6.343288
19617.1502  11.57294
19619.3231  12.4729
19621.496  7.972193
19623.6689  3.421259
19625.8418  2.404225
19628.0147  2.94068
19630.1876  3.106241
19632.3605  2.762036
19634.5334  2.214793
19636.7063  4.879673
19638.8792  18.01015
19641.0521  33.52481
19643.225  35.95801
19645.3979  22.18148
19647.5708  7.116465
19649.7437  2.260923
19651.9166  1.69186
19654.0895  1.159419
19656.2624  0.9587901
19658.4353  0.9327294
19660.6082  0.8662057
19662.7811  0.8401098
19664.954  0.9467107
19667.1269  1.274974
19669.2998  1.623284
19671.4727  1.965777
19673.6456  5.860754
19675.8185  13.36668
19677.9914  17.58992
19680.1643  13.42455
19682.3372  5.65008
19684.5101  1.959479
19686.683  1.417709
19688.8559  1.26328
19691.0288  1.23603
19693.2017  2.151308
19695.3746  6.587866
19697.5475  22.27473
19699.7204  47.83483
19701.8933  59.20842
19704.0662  42.97518
19706.2391  16.62083
19708.412  3.180556
19710.5849  1.294479
19712.7578  1.256313
19714.9307  1.161926
19717.1036  1.075614
19719.2765  1.006834
19721.4494  0.9339818
19723.6223  0.8536315
19725.7952  0.8422298
19727.9681  0.9355516
19730.141  2.132026
19732.3139  6.494628
19734.4868  12.39286
19736.6597  14.52574
19738.8326  11.05894
19741.0055  5.428979
19743.1784  1.880872
19745.3513  1.982615
19747.5242  11.22563
19749.6971  25.20206
19751.87  29.81986
19754.0429  20.80513
19756.2158  8.928468
19758.3887  4.848767
19760.5616  4.726155
19762.7345  4.003047
19764.9074  2.396495
19767.0803  15.4595
19769.2532  50.51039
19771.4261  76.69199
19773.599  65.73383
19775.7719  29.75507
19777.9448  7.704952
19780.1177  3.847142
19782.2906  2.822272
19784.4635  1.555078
19786.6364  0.9950489
19788.8093  0.8378408
19790.9822  0.7892936
19793.1551  0.8019327
19795.328  0.8459306
19797.5009  0.9016921
19799.6738  0.9366354
19801.8467  1.188858
19804.0196  1.750811
19806.1925  2.249001
19808.3654  2.543783
19810.5383  2.440728
19812.7112  2.049335
19814.8841  1.657451
19817.057  1.41559
19819.2299  1.280389
19821.4028  1.236309
19823.5757  1.35781
19825.7486  1.436678
19827.9215  1.203556
19830.0944  1.050899
19832.2673  0.8109374
19834.4402  3.832322
19836.6131  15.43941
19838.786  26.95188
19840.9589  26.32695
19843.1318  13.56188
19845.3047  3.258566
19847.4776  0.9167488
19849.6505  0.9120202
19851.8234  0.8616234
19853.9963  0.7964014
19856.1692  0.7630179
19858.3421  0.7060911
19860.515  0.6758795
19862.6879  0.6951318
19864.8608  0.7460277
19867.0337  0.8452351
19869.2066  0.9769362
19871.3795  1.011742
19873.5524  0.9237831
19875.7253  0.7868477
19877.8982  0.7137998
19880.0711  0.6911869
19882.244  0.7430543
19884.4169  0.7575917
19886.5898  1.48247
19888.7627  4.263255
19890.9356  7.414849
19893.1085  8.435781
19895.2814  6.648861
19897.4543  4.333641
19899.6272  3.370456
19901.8001  3.786157
19903.973  4.446955
19906.1459  4.091847
19908.3188  2.640001
19910.4917  1.826829
19912.6646  2.388047
19914.8375  2.739275
19917.0104  2.244534
19919.1833  2.555241
19921.3562  5.268775
19923.5291  8.727002
19925.702  9.287425
19927.8749  6.613258
19930.0478  3.105544
19932.2207  1.191972
19934.3936  0.8045297
19936.5665  2.602065
19938.7394  2.33673
19940.9123  1.044201
19943.0852  0.8001782
19945.2581  0.8539826
19947.431  1.194347
19949.6039  1.73051
19951.7768  2.013911
19953.9497  2.111407
19956.1226  2.40064
19958.2955  2.731957
19960.4684  2.31251
19962.6413  1.538313
19964.8142  1.238692
19966.9871  1.444764
19969.16  1.630027
19971.3329  1.420902
19973.5058  1.08517
19975.6787  0.9710795
19977.8516  1.042868
19980.0245  1.109007
19982.1974  1.129859
19984.3703  1.160806
19986.5432  1.188561
19988.7161  1.234913
19990.889  1.33481
19993.0619  1.456778
19995.2348  1.661365
19997.4077  2.118164
19999.5806  3.596967
20001.7535  12.55989
20003.9264  57.09964
20006.0993  129.7645
20008.2722  161.0885
20010.4451  111.665
20012.618  38.44311
20014.7909  6.720716
20016.9638  2.895665
20019.1367  2.647895
20021.3096  2.789399
20023.4825  3.196867
20025.6554  3.143369
20027.8283  7.054335
20030.0012  25.14563
20032.1741  43.97023
20034.347  42.48508
20036.5199  22.20242
20038.6928  5.679623
20040.8657  1.879897
20043.0386  1.790625
20045.2115  1.690135
20047.3844  1.651762
20049.5573  1.624147
20051.7302  1.61447
20053.9031  1.679072
20056.076  1.8042
20058.2489  1.943144
20060.4218  2.414511
20062.5947  2.068952
20064.7676  2.641285
20066.9405  6.948088
20069.1134  11.01242
20071.2863  10.38273
20073.4592  5.807964
20075.6321  2.113458
20077.805  1.325383
20079.9779  1.350434
20082.1508  1.240341
20084.3237  1.142139
20086.4966  1.137805
20088.6695  1.056866
20090.8424  1.104143
20093.0153  2.157607
20095.1882  3.644122
20097.3611  5.291795
20099.534  5.848577
20101.7069  4.236952
20103.8798  2.394811
20106.0527  1.637576
20108.2256  1.529527
20110.3985  1.997685
20112.5714  3.25489
20114.7443  4.759015
20116.9172  5.245103
20119.0901  4.298185
20121.263  3.284402
20123.4359  3.898619
20125.6088  3.671834
20127.7817  13.2841
20129.9546  16.76717
20132.1275  6.714513
20134.3004  2.390138
20136.4733  1.702873
20138.6462  1.428432
20140.8191  1.392334
20142.992  1.444368
20145.1649  1.354669
20147.3378  1.307625
20149.5107  1.420927
20151.6836  1.422926
20153.8565  1.36259
20156.0294  1.493011
20158.2023  1.734233
20160.3752  2.095059
20162.5481  2.523333
20164.721  2.667263
20166.8939  2.598012
20169.0668  2.592894
20171.2397  2.851518
20173.4126  3.243184
20175.5855  3.423234
20177.7584  3.307989
20179.9313  2.809333
20182.1042  2.171245
20184.2771  1.768286
20186.45  1.635207
20188.6229  7.261443
20190.7958  20.31148
20192.9687  28.71315
20195.1416  22.62612
20197.3145  9.441699
20199.4874  2.312817
20201.6603  1.870606
20203.8332  2.618977
20206.0061  3.179131
20208.179  2.68007
20210.3519  1.813804
20212.5248  1.921482
20214.6977  2.620536
20216.8706  2.682175
20219.0435  2.05664
20221.2164  1.452238
20223.3893  1.28573
20225.5622  1.229336
20227.7351  1.206201
20229.908  1.316101
20232.0809  1.341184
20234.2538  1.28129
20236.4267  1.392171
20238.5996  1.638813
20240.7725  1.677581
20242.9454  1.440568
20245.1183  1.349892
20247.2912  1.603349
20249.4641  1.724483
20251.637  1.51517
20253.8099  1.257783
20255.9828  1.179167
20258.1557  1.215037
20260.3286  1.248305
20262.5015  1.316315
20264.6744  1.645422
20266.8473  2.310211
20269.0202  1.835389
20271.1931  26.70329
20273.366  91.81181
20275.5389  138.3173
20277.7118  114.7033
20279.8847  48.05222
20282.0576  8.066944
20284.2305  4.022318
20286.4034  3.891749
20288.5763  4.243776
20290.7492  4.914686
20292.9221  4.752198
20295.095  4.175459
20297.2679  4.131042
20299.4408  3.990888
20301.6137  3.090847
20303.7866  2.252803
20305.9595  2.243719
20308.1324  2.303393
20310.3053  1.759549
20312.4782  1.430772
20314.6511  2.568355
20316.824  4.770067
20318.9969  6.012454
20321.1698  5.039618
20323.3427  3.02495
20325.5156  1.669407
20327.6885  1.320112
20329.8614  1.804951
20332.0343  1.643519
20334.2072  8.907545
20336.3801  36.44024
20338.553  66.12732
20340.7259  66.82349
20342.8988  37.08131
20345.0717  12.06318
20347.2446  5.807746
20349.4175  4.233454
20351.5904  2.449393
20353.7633  1.345493
20355.9362  1.119306
20358.1091  1.131358
20360.282  1.0754
20362.4549  1.015827
20364.6278  1.071744
20366.8007  1.184779
20368.9736  1.328224
20371.1465  1.356736
20373.3194  1.217845
20375.4923  1.020932
20377.6652  0.9292789
20379.8381  0.935896
20382.011  1.011427
20384.1839  1.099395
20386.3568  1.122491
20388.5297  1.10287
20390.7026  1.15851
20392.8755  1.228678
20395.0484  1.280367
20397.2213  1.450539
20399.3942  1.64563
20401.5671  2.011621
20403.74  2.279267
20405.9129  3.688101
20408.0858  39.64354
20410.2587  134.3184
20412.4316  196.9559
20414.6045  159.3794
20416.7774  61.90329
20418.9503  7.644939
20421.1232  2.424707
20423.2961  2.072985
20425.469  1.663533
20427.6419  1.566607
20429.8148  1.532282
20431.9877  1.419932
20434.1606  1.272376
20436.3335  1.149108
20438.5064  1.150545
20440.6793  1.301982
20442.8522  1.486561
20445.0251  1.479363
20447.198  1.273025
20449.3709  1.088823
20451.5438  1.152683
20453.7167  1.323587
20455.8896  1.62927
20458.0625  1.867083
20460.2354  1.703308
20462.4083  1.307884
20464.5812  1.057933
20466.7541  1.04971
20468.927  1.127938
20471.0999  1.160559
20473.2728  1.162412
20475.4457  1.246156
20477.6186  1.261803
20479.7915  1.23853
20481.9644  1.561264
20484.1373  2.294654
20486.3102  2.756452
20488.4831  2.527419
20490.656  1.850157
20492.8289  2.055686
20495.0018  11.8277
20497.1747  35.67618
20499.3476  47.88746
20501.5205  35.52985
20503.6934  13.05181
20505.8663  2.423418
20508.0392  1.753738
20510.2121  1.729213
20512.385  2.166745
20514.5579  2.924576
20516.7308  2.896261
20518.9037  2.503578
20521.0766  3.010675
20523.2495  4.234848
20525.4224  4.252526
20527.5953  3.13037
20529.7682  2.274858
20531.9411  2.438772
20534.114  2.931396
20536.2869  3.269002
20538.4598  4.014053
20540.6327  5.142903
20542.8056  4.840302
20544.9785  3.21649
20547.1514  2.359002
20549.3243  3.241355
20551.4972  5.163945
20553.6701  6.433271
20555.843  5.236172
20558.0159  14.69213
20560.1888  66.00378
20562.3617  131.7503
20564.5346  137.9149
20566.7075  76.83269
20568.8804  18.87759
20571.0533  4.052161
20573.2262  6.054999
20575.3991  7.61136
20577.572  7.435056
20579.7449  6.78759
20581.9178  6.434563
20584.0907  5.229192
20586.2636  3.018457
20588.4365  1.769704
20590.6094  1.550239
20592.7823  1.641234
20594.9552  1.694687
20597.1281  1.52044
20599.301  1.332897
20601.4739  1.256166
20603.6468  1.247313
20605.8197  1.280225
20607.9926  1.307456
20610.1655  1.366746
20612.3384  1.398444
20614.5113  1.33775
20616.6842  1.337139
20618.8571  1.355231
20621.03  1.339118
20623.2029  1.378233
20625.3758  1.470737
20627.5487  1.55338
20629.7216  1.465051
20631.8945  1.371961
20634.0674  1.485267
20636.2403  1.608355
20638.4132  1.604826
20640.5861  1.568024
20642.759  1.639021
20644.9319  1.92639
20647.1048  2.634399
20649.2777  3.288221
20651.4506  3.427083
20653.6235  3.01698
20655.7964  2.517613
20657.9693  2.224747
20660.1422  2.248944
20662.3151  2.653402
20664.488  2.750818
20666.6609  2.34194
20668.8338  2.532327
20671.0067  3.534887
20673.1796  3.928677
20675.3525  3.109283
20677.5254  2.087624
20679.6983  1.679107
20681.8712  1.610255
20684.0441  1.555304
20686.217  1.612234
20688.3899  1.643706
20690.5628  1.545569
20692.7357  1.559229
20694.9086  1.58156
20697.0815  2.183033
20699.2544  2.126526
20701.4273  1.623327
20703.6002  1.552954
20705.7731  1.545914
20707.946  1.564078
20710.1189  1.614614
20712.2918  1.614065
20714.4647  1.714851
20716.6376  1.880512
20718.8105  2.186229
20720.9834  2.087086
20723.1563  8.388769
20725.3292  42.64625
20727.5021  90.27721
20729.675  101.5004
20731.8479  63.51535
20734.0208  19.6751
20736.1937  4.140988
20738.3666  4.442274
20740.5395  4.871168
20742.7124  3.678555
20744.8853  2.192851
20747.0582  1.690633
20749.2311  1.715615
20751.404  1.683486
20753.5769  1.527333
20755.7498  1.538379
20757.9227  1.610842
20760.0956  1.583686
20762.2685  1.49294
20764.4414  1.451549
20766.6143  1.461226
20768.7872  1.386528
20770.9601  1.357702
20773.133  1.393669
20775.3059  1.432408
20777.4788  1.431167
20779.6517  1.40431
20781.8246  1.41503
20783.9975  1.405839
20786.1704  1.393731
20788.3433  1.44306
20790.5162  1.532422
20792.6891  1.569947
20794.862  1.496571
20797.0349  1.471548
20799.2078  2.098262
20801.3807  3.765342
20803.5536  5.500275
20805.7265  6.100989
20807.8994  4.943812
20810.0723  3.267481
20812.2452  3.102201
20814.4181  4.03434
20816.591  4.145966
20818.7639  3.134622
20820.9368  3.386074
20823.1097  5.091819
20825.2826  5.960289
20827.4555  5.928948
20829.6284  5.514494
20831.8013  4.616903
20833.9742  2.988592
20836.1471  1.718646
20838.32  1.501826
20840.4929  1.488983
20842.6658  1.481057
20844.8387  1.530668
20847.0116  1.61578
20849.1845  1.967092
20851.3574  2.643418
20853.5303  3.224483
20855.7032  8.71297
20857.8761  23.25388
20860.049  32.89894
20862.2219  27.36537
20864.3948  13.53473
20866.5677  4.646685
20868.7406  3.821821
20870.9135  4.823196
20873.0864  5.902347
20875.2593  5.889359
20877.4322  4.358727
20879.6051  2.682044
20881.778  2.812256
20883.9509  3.699275
20886.1238  3.536186
20888.2967  2.474392
20890.4696  1.605019
20892.6425  1.593323
20894.8154  1.878537
20896.9883  1.813448
20899.1612  1.723443
20901.3341  1.824747
20903.507  5.538518
20905.6799  22.30326
20907.8528  46.82375
20910.0257  55.07761
20912.1986  38.04677
20914.3715  14.73524
20916.5444  4.701253
20918.7173  4.02757
20920.8902  3.296913
20923.0631  2.206216
20925.236  1.723497
20927.4089  1.628096
20929.5818  1.563127
20931.7547  1.577885
20933.9276  1.70382
20936.1005  1.94664
20938.2734  2.15252
20940.4463  2.062381
20942.6192  1.725656
20944.7921  1.593438
20946.965  1.724888
20949.1379  1.793021
20951.3108  1.707895
20953.4837  1.644307
20955.6566  1.671879
20957.8295  1.688659
20960.0024  1.62948
20962.1753  1.593169
20964.3482  1.58729
20966.5211  1.570814
20968.694  1.579947
20970.8669  1.555145
20973.0398  1.570472
20975.2127  1.592131
20977.3856  1.52252
20979.5585  1.555664
20981.7314  1.558329
20983.9043  1.575981
20986.0772  1.665995
20988.2501  1.63685
20990.423  1.542873
20992.5959  1.503122
20994.7688  1.478041
20996.9417  1.483711
20999.1146  1.538295
21001.2875  1.963178
21003.4604  2.832335
21005.6333  3.292449
21007.8062  3.424594
21009.9791  4.589115
21012.152  6.027906
21014.3249  5.955303
21016.4978  5.141866
21018.6707  5.208083
21020.8436  4.964237
21023.0165  5.215561
21025.1894  5.992038
21027.3623  5.749389
21029.5352  6.597308
21031.7081  9.425667
21033.881  10.04959
21036.0539  7.024586
21038.2268  3.858393
21040.3997  3.152698
21042.5726  3.388324
21044.7455  3.057439
21046.9184  2.623026
21049.0913  3.14796
21051.2642  5.016306
21053.4371  6.052795
21055.61  5.183692
21057.7829  7.195606
21059.9558  14.59464
21062.1287  19.76004
21064.3016  20.92051
21066.4745  21.79299
21068.6474  20.99324
21070.8203  15.68028
21072.9932  8.709617
21075.1661  5.696646
21077.339  4.543687
21079.5119  3.021822
21081.6848  2.07884
21083.8577  1.948374
21086.0306  3.078984
21088.2035  5.198771
21090.3764  6.39646
21092.5493  8.280399
21094.7222  12.44277
21096.8951  13.93692
21099.068  11.51198
21101.2409  12.54824
21103.4138  20.72668
21105.5867  26.9024
21107.7596  21.67977
21109.9325  12.41198
21112.1054  15.21369
21114.2783  30.13499
21116.4512  34.96159
21118.6241  22.343
21120.797  6.887268
21122.9699  1.937952
21125.1428  2.201958
21127.3157  2.257733
21129.4886  2.186907
21131.6615  2.025964
21133.8344  1.862287
21136.0073  1.835726
21138.1802  1.881228
21140.3531  1.843201
21142.526  1.763876
21144.6989  1.725736
21146.8718  1.793765
21149.0447  1.764058
21151.2176  4.072939
21153.3905  11.2081
21155.5634  17.36629
21157.7363  15.513
21159.9092  7.698416
21162.0821  2.460272
21164.255  1.978013
21166.4279  2.186008
21168.6008  1.860893
21170.7737  4.333361
21172.9466  22.08749
21175.1195  48.23022
21177.2924  53.29533
21179.4653  32.79525
21181.6382  11.16786
21183.8111  4.631736
21185.984  4.210135
21188.1569  3.741126
21190.3298  4.759333
21192.5027  6.194295
21194.6756  6.071033
21196.8485  4.43734
21199.0214  2.8726
21201.1943  2.915958
21203.3672  4.011453
21205.5401  4.433706
21207.713  3.914005
21209.8859  3.633829
21212.0588  3.978613
21214.2317  4.299086
21216.4046  4.718922
21218.5775  4.633352
21220.7504  3.724946
21222.9233  2.8488
21225.0962  2.118906
21227.2691  4.851569
21229.442  14.75614
21231.6149  24.30691
21233.7878  22.78358
21235.9607  11.55012
21238.1336  3.566026
21240.3065  2.476507
21242.4794  2.13862
21244.6523  9.757532
21246.8252  34.88805
21248.9981  55.84427
21251.171  48.28158
21253.3439  20.89371
21255.5168  4.306047
21257.6897  2.190193
21259.8626  2.24665
21262.0355  2.058451
21264.2084  2.04819
21266.3813  2.027572
21268.5542  1.987386
21270.7271  1.958372
21272.9  2.415673
21275.0729  5.220689
21277.2458  9.734077
21279.4187  11.52036
21281.5916  8.433165
21283.7645  4.031662
21285.9374  2.14518
21288.1103  2.267666
21290.2832  2.835753
21292.4561  3.03907
21294.629  2.597195
21296.8019  2.093139
21298.9748  1.932374
21301.1477  1.920458
21303.3206  1.923216
21305.4935  2.047238
21307.6664  2.145594
21309.8393  2.107669
21312.0122  4.406311
21314.1851  9.351683
21316.358  14.1772
21318.5309  15.00479
21320.7038  12.88913
21322.8767  16.34323
21325.0496  22.25253
21327.2225  20.61596
21329.3954  10.89197
21331.5683  3.44126
21333.7412  2.090291
21335.9141  2.1366
21338.087  2.021637
21340.2599  2.049534
21342.4328  2.073193
21344.6057  2.175429
21346.7786  2.171578
21348.9515  2.215481
21351.1244  3.131131
21353.2973  4.536558
21355.4702  5.312651
21357.6431  5.363115
21359.816  4.825664
21361.9889  3.695306
21364.1618  2.542036
21366.3347  2.218956
21368.5076  3.136752
21370.6805  4.771124
21372.8534  5.586957
21375.0263  4.91017
21377.1992  4.328557
21379.3721  4.720583
21381.545  4.522522
21383.7179  3.261717
21385.8908  2.263093
21388.0637  2.129823
21390.2366  2.184005
21392.4095  2.146805
21394.5824  2.06742
21396.7553  2.476521
21398.9282  2.646691
21401.1011  2.140791
21403.274  1.932716
21405.4469  2.041282
21407.6198  2.08345
21409.7927  2.107554
21411.9656  2.19208
21414.1385  2.327992
21416.3114  2.700965
21418.4843  3.105593
21420.6572  3.291828
21422.8301  3.214703
21425.003  2.881939
21427.1759  2.487695
21429.3488  2.43874
21431.5217  2.579682
21433.6946  2.454904
21435.8675  2.379476
21438.0404  2.673244
21440.2133  2.851025
21442.3862  2.587811
21444.5591  2.175866
21446.732  2.171006
21448.9049  2.205175
21451.0778  2.060469
21453.2507  2.044378
21455.4236  2.073668
21457.5965  2.085243
21459.7694  2.115341
21461.9423  2.163977
21464.1152  2.182085
21466.2881  2.195593
21468.461  2.18272
21470.6339  2.127962
21472.8068  2.147206
21474.9797  2.143073
21477.1526  2.169524
21479.3255  2.237066
21481.4984  2.236691
21483.6713  2.293401
21485.8442  2.373109
21488.0171  2.431619
21490.19  2.432656
21492.3629  2.457712
21494.5358  2.746004
21496.7087  3.210172
21498.8816  3.589631
21501.0545  9.250778
21503.2274  54.16985
21505.4003  123.6942
21507.5732  149.3203
21509.7461  100.1661
21511.919  34.41838
21514.0919  9.174623
21516.2648  5.315607
21518.4377  4.275892
21520.6106  4.809468
21522.7835  5.180255
21524.9564  5.721441
21527.1293  7.537693
21529.3022  9.490097
21531.4751  10.78941
21533.648  25.65402
21535.8209  49.31105
21537.9938  55.85836
21540.1667  37.81107
21542.3396  16.77735
21544.5125  11.52484
21546.6854  11.74664
21548.8583  9.532785
21551.0312  6.426161
21553.2041  3.732978
21555.377  2.596083
21557.5499  2.536493
21559.7228  2.520586
21561.8957  2.577809
21564.0686  3.286912
21566.2415  4.122388
21568.4144  4.140914
21570.5873  4.797818
21572.7602  4.475384
21574.9331  4.195476
21577.106  10.93569
21579.2789  19.85099
21581.4518  20.89343
21583.6247  13.59399
21585.7976  6.368256
21587.9705  3.918316
21590.1434  3.681703
21592.3163  3.646729
21594.4892  3.879095
21596.6621  4.296667
21598.835  4.09093
21601.0079  3.381726
21603.1808  2.808521
21605.3537  2.588812
21607.5266  2.912357
21609.6995  3.283459
21611.8724  4.27702
21614.0453  4.033824
21616.2182  2.392564
21618.3911  2.606767
21620.564  3.032732
21622.7369  3.210129
21624.9098  2.957046
21627.0827  2.475462
21629.2556  2.879954
21631.4285  7.956261
21633.6014  9.325841
21635.7743  7.632974
21637.9472  8.181507
21640.1201  7.126409
21642.293  4.857716
21644.4659  2.751059
21646.6388  2.49397
21648.8117  2.478503
21650.9846  2.503446
21653.1575  2.954402
21655.3304  3.898277
21657.5033  4.371668
21659.6762  4.280469
21661.8491  4.082391
21664.022  3.80023
21666.1949  3.189898
21668.3678  2.744663
21670.5407  3.409266
21672.7136  4.449783
21674.8865  4.627325
21677.0594  3.806064
21679.2323  3.48682
21681.4052  4.134271
21683.5781  4.281558
21685.751  3.574937
21687.9239  2.983877
21690.0968  2.918444
21692.2697  2.856748
21694.4426  2.652434
21696.6155  2.538707
21698.7884  2.634645
21700.9613  3.133168
21703.1342  3.699628
21705.3071  5.657642
21707.48  16.01605
21709.6529  31.38129
21711.8258  34.72415
21713.9987  21.47788
21716.1716  7.018037
21718.3445  2.60819
21720.5174  2.769643
21722.6903  2.637873
21724.8632  2.607579
21727.0361  2.654381
21729.209  2.651609
21731.3819  2.706094
21733.5548  2.695523
21735.7277  2.717343
21737.9006  2.75664
21740.0735  2.708719
21742.2464  2.777229
21744.4193  2.804318
21746.5922  2.700726
21748.7651  2.704452
21750.938  2.700339
21753.1109  2.62016
21755.2838  3.004629
21757.4567  4.600925
21759.6296  6.693349
21761.8025  7.657551
21763.9754  6.576223
21766.1483  4.307935
21768.3212  2.93071
21770.4941  2.733455
21772.667  2.859508
21774.8399  2.9173
21777.0128  2.923782
21779.1857  2.872193
21781.3586  2.841061
21783.5315  2.978062
21785.7044  3.7575
21787.8773  5.810113
21790.0502  7.950273
21792.2231  9.23822
21794.396  8.497474
21796.5689  13.38872
21798.7418  48.05944
21800.9147  98.73103
21803.0876  106.5102
21805.2605  61.07055
21807.4334  15.94532
21809.6063  3.411152
21811.7792  3.916018
21813.9521  3.469658
21816.125  3.251585
21818.2979  3.134597
21820.4708  3.102008
21822.6437  3.095959
21824.8166  3.222706
21826.9895  3.238787
21829.1624  3.129953
21831.3353  3.142648
21833.5082  3.25748
21835.6811  3.428799
21837.854  3.479383
21840.0269  3.465099
21842.1998  3.520233
21844.3727  3.629654
21846.5456  3.698445
21848.7185  3.655377
21850.8914  3.510564
21853.0643  3.336382
21855.2372  3.219433
21857.4101  3.262381
21859.583  3.446478
21861.7559  3.618034
21863.9288  3.684861
21866.1017  3.051832
21868.2746  7.836024
21870.4475  27.60981
21872.6204  48.19837
21874.7933  45.5815
21876.9662  23.26587
21879.1391  6.866147
21881.312  4.217016
21883.4849  4.560919
21885.6578  3.996591
21887.8307  3.950836
21890.0036  4.866674
21892.1765  5.564746
21894.3494  4.985044
21896.5223  3.779689
21898.6952  3.271078
21900.8681  3.435352
21903.041  3.866653
21905.2139  4.061316
21907.3868  3.707416
21909.5597  3.208827
21911.7326  3.006879
21913.9055  3.040989
21916.0784  3.095436
21918.2513  3.091393
21920.4242  3.043126
21922.5971  2.976168
21924.77  3.109053
21926.9429  3.492544
21929.1158  3.585387
21931.2887  3.241932
21933.4616  3.187929
21935.6345  3.283141
21937.8074  3.338048
21939.9803  3.454799
21942.1532  3.530063
21944.3261  3.857926
21946.499  4.525065
21948.6719  4.092771
21950.8448  25.98153
21953.0177  86.11606
21955.1906  133.981
21957.3635  113.0411
21959.5364  47.91261
21961.7093  8.918885
21963.8822  3.848599
21966.0551  4.237142
21968.228  3.763827
21970.4009  3.546781
21972.5738  3.533349
21974.7467  3.78515
21976.9196  4.582957
21979.0925  5.443007
21981.2654  5.443367
21983.4383  5.082217
21985.6112  5.289496
21987.7841  5.557767
21989.957  5.397206
21992.1299  5.674911
21994.3028  6.517203
21996.4757  6.778174
21998.6486  5.870409
22000.8215  5.340661
22002.9944  5.66175
22005.1673  5.388475
22007.3402  4.670145
22009.5131  4.528482
22011.686  4.750422
22013.8589  4.563324
22016.0318  4.140536
22018.2047  3.87543
22020.3776  3.796917
22022.5505  4.342247
22024.7234  5.505234
22026.8963  6.834107
22029.0692  7.404346
22031.2421  6.440878
22033.415  5.041977
22035.5879  4.434768
22037.7608  4.475333
22039.9337  4.437159
22042.1066  4.262528
22044.2795  4.14208
22046.4524  5.333191
22048.6253  20.4858
22050.7982  43.23848
22052.9711  51.33594
22055.144  34.54496
22057.3169  13.50042
22059.4898  7.482604
22061.6627  7.241201
22063.8356  6.052433
22066.0085  4.972481
22068.1814  4.670924
22070.3543  4.287025
22072.5272  3.930427
22074.7001  3.918449
22076.873  3.83438
22079.0459  3.714246
22081.2188  3.698231
22083.3917  3.693118
22085.5646  3.686961
22087.7375  3.61382
22089.9104  3.59802
22092.0833  3.641282
22094.2562  3.64099
22096.4291  3.634655
22098.602  3.606358
22100.7749  3.673099
22102.9478  3.783079
22105.1207  3.907878
22107.2936  4.149092
22109.4665  4.196209
22111.6394  4.1229
22113.8123  4.282921
22115.9852  4.596655
22118.1581  4.646872
22120.331  16.67371
22122.5039  63.29755
22124.6768  107.2477
22126.8497  99.83957
22129.0226  50.68696
22131.1955  12.31277
22133.3684  4.55857
22135.5413  4.683885
22137.7142  4.323142
22139.8871  4.01995
22142.06  3.989097
22144.2329  4.102255
22146.4058  4.170082
22148.5787  4.223955
22150.7516  4.155192
22152.9245  4.115047
22155.0974  4.118213
22157.2703  4.062253
22159.4432  4.156503
22161.6161  4.23568
22163.789  4.118916
22165.9619  4.11896
22168.1348  4.270639
22170.3077  4.165799
22172.4806  3.937549
22174.6535  3.974041
22176.8264  4.037789
22178.9993  4.064914
22181.1722  4.157681
22183.3451  4.27635
22185.518  4.189958
22187.6909  4.066643
22189.8638  4.141934
22192.0367  4.148542
22194.2096  4.126611
22196.3825  4.126095
22198.5554  4.104845
22200.7283  4.160936
22202.9012  4.206147
22205.0741  4.057242
22207.247  3.936231
22209.4199  3.901563
22211.5928  3.99884
22213.7657  4.19776
22215.9386  4.293081
22218.1115  4.583061
22220.2844  4.513214
22222.4573  4.279733
22224.6302  4.353468
22226.8031  4.478876
22228.976  4.512378
22231.1489  4.450096
22233.3218  4.319911
22235.4947  4.199968
22237.6676  4.452545
22239.8405  4.315836
22242.0134  5.709312
22244.1863  16.26818
22246.3592  31.1242
22248.5321  34.09254
22250.705  21.75641
22252.8779  8.29707
22255.0508  4.268073
22257.2237  4.417977
22259.3966  4.388672
22261.5695  4.710448
22263.7424  5.17037
22265.9153  5.247925
22268.0882  4.998954
22270.2611  5.027138
22272.434  5.592061
22274.6069  5.975534
22276.7798  5.520902
22278.9527  4.735398
22281.1256  4.389499
22283.2985  4.548072
22285.4714  4.848508
22287.6443  5.260473
22289.8172  5.303578
22291.9901  4.954623
22294.163  4.547023
22296.3359  4.398405
22298.5088  4.510611
22300.6817  4.64891
22302.8546  4.845595
22305.0275  4.760726
22307.2004  11.33133
22309.3733  36.12946
22311.5462  65.53781
22313.7191  68.53004
22315.892  42.32394
22318.0649  15.44784
22320.2378  6.663017
22322.4107  6.555895
22324.5836  6.052365
22326.7565  5.614004
22328.9294  5.511055
22331.1023  5.549865
22333.2752  5.988564
22335.4481  7.709436
22337.621  9.157759
22339.7939  8.70376
22341.9668  8.012246
22344.1397  8.82542
22346.3126  9.31761
22348.4855  7.67576
22350.6584  5.661409
22352.8313  4.728058
22355.0042  4.448628
22357.1771  4.37307
22359.35  4.47446
22361.5229  4.577973
22363.6958  4.547355
22365.8687  4.456803
22368.0416  4.409523
22370.2145  4.552513
22372.3874  4.702812
22374.5603  4.776793
22376.7332  4.762331
22378.9061  4.694554
22381.079  4.502793
22383.2519  4.96937
22385.4248  6.262145
22387.5977  5.377776
22389.7706  4.421135
22391.9435  4.530346
22394.1164  4.424159
22396.2893  4.396743
22398.4622  4.502928
22400.6351  4.636394
22402.808  4.767195
22404.9809  4.738427
22407.1538  4.587239
22409.3267  4.642381
22411.4996  5.026608
22413.6725  5.502321
22415.8454  5.615936
22418.0183  5.410174
22420.1912  5.300632
22422.3641  5.379406
22424.537  5.48182
22426.7099  5.903545
22428.8828  6.490242
22431.0557  6.320786
22433.2286  5.422608
22435.4015  4.937026
22437.5744  5.224882
22439.7473  5.588522
22441.9202  5.514256
22444.0931  4.927393
22446.266  4.651565
22448.4389  4.584543
22450.6118  4.663029
22452.7847  4.612136
22454.9576  6.186346
22457.1305  12.6704
22459.3034  20.09202
22461.4763  20.06181
22463.6492  12.47168
22465.8221  6.145298
22467.995  4.904522
22470.1679  5.043931
22472.3408  4.933125
22474.5137  4.907823
22476.6866  4.843179
22478.8595  4.645037
22481.0324  4.492703
22483.2053  4.52931
22485.3782  4.695267
22487.5511  4.73467
22489.724  4.645325
22491.8969  4.654869
22494.0698  4.664661
22496.2427  4.72083
22498.4156  4.78381
22500.5885  4.804577
22502.7614  4.837451
22504.9343  4.829575
22507.1072  4.86487
22509.2801  4.966465
22511.453  6.501173
22513.6259  14.60097
22515.7988  29.14272
22517.9717  36.74033
22520.1446  29.08739
22522.3175  15.11628
22524.4904  6.545437
22526.6633  4.976525
22528.8362  4.975935
22531.0091  4.882652
22533.182  5.093346
22535.3549  3.924337
22537.5278  11.2829
22539.7007  15.21413
22541.8736  7.479264
22544.0465  5.158588
22546.2194  5.878593
22548.3923  5.116457
22550.5652  4.796255
22552.7381  4.89138
22554.911  4.971702
22557.0839  5.001333
22559.2568  5.009015
22561.4297  4.85465
22563.6026  4.821581
22565.7755  5.994816
22567.9484  8.158267
22570.1213  5.683727
22572.2942  4.864711
22574.4671  4.825145
22576.64  4.856445
22578.8129  4.905742
22580.9858  4.830389
22583.1587  4.83447
22585.3316  4.84881
22587.5045  4.794479
22589.6774  4.805845
22591.8503  4.784135
22594.0232  4.884944
22596.1961  4.958184
22598.369  4.87784
22600.5419  4.835477
22602.7148  4.909627
22604.8877  4.900149
22607.0606  4.889024
22609.2335  5.013471
22611.4064  5.144656
22613.5793  5.462701
22615.7522  6.229047
22617.9251  7.010305
22620.098  7.248606
22622.2709  7.089508
22624.4438  6.534179
22626.6167  5.73488
22628.7896  5.039171
22630.9625  4.812926
22633.1354  4.901725
22635.3083  5.193761
22637.4812  5.610992
22639.6541  6.26551
22641.827  6.93508
22643.9999  6.87686
22646.1728  6.664891
22648.3457  6.877298
22650.5186  6.793281
22652.6915  6.008458
22654.8644  5.150696
22657.0373  4.860516
22659.2102  4.816458
22661.3831  4.941509
22663.556  4.876832
22665.7289  4.818768
22667.9018  5.124661
22670.0747  5.438097
22672.2476  5.514246
22674.4205  5.234072
22676.5934  5.26067
22678.7663  5.789087
22680.9392  6.211824
22683.1121  6.455246
22685.285  7.496156
22687.4579  10.68384
22689.6308  13.44254
22691.8037  12.42626
22693.9766  9.194733
22696.1495  6.909835
22698.3224  6.441935
22700.4953  6.667472
22702.6682  6.649859
22704.8411  6.048481
22707.014  5.407752
22709.1869  5.182537
22711.3598  5.554766
22713.5327  6.160872
22715.7056  6.133477
22717.8785  5.649295
22720.0514  5.328126
22722.2243  5.27429
22724.3972  5.377241
22726.5701  5.411427
22728.743  5.208593
22730.9159  5.019316
22733.0888  5.023575
22735.2617  5.947683
22737.4346  9.49934
22739.6075  14.75101
22741.7804  17.85775
22743.9533  16.02232
22746.1262  10.60319
22748.2991  6.413532
22750.472  5.349222
22752.6449  5.517931
22754.8178  5.959488
22756.9907  6.201269
22759.1636  5.839522
22761.3365  5.490141
22763.5094  5.476142
22765.6823  5.436124
22767.8552  5.341002
22770.0281  5.4114
22772.201  5.515301
22774.3739  5.456477
22776.5468  5.176198
22778.7197  5.033577
22780.8926  5.082412
22783.0655  5.195578
22785.2384  5.225811
22787.4113  5.122121
22789.5842  5.013005
22791.7571  4.990077
22793.93  5.076171
22796.1029  5.09184
22798.2758  5.014109
22800.4487  5.090013
22802.6216  5.312604
22804.7945  5.537595
22806.9674  5.72056
22809.1403  5.598547
22811.3132  5.344884
22813.4861  5.480789
22815.659  5.524332
22817.8319  5.220811
22820.0048  5.056262
22822.1777  5.164741
22824.3506  5.341317
22826.5235  5.614197
22828.6964  5.934966
22830.8693  5.744072
22833.0422  5.265269
22835.2151  5.188347
22837.388  5.420473
22839.5609  5.555269
22841.7338  5.50702
22843.9067  5.30442
22846.0796  5.028947
22848.2525  4.964764
22850.4254  5.265279
22852.5983  5.585825
22854.7712  5.616825
22856.9441  5.422298
22859.117  5.326048
22861.2899  5.267421
22863.4628  5.298042
22865.6357  5.458747
22867.8086  5.581374
22869.9815  5.568389
22872.1544  5.468253
22874.3273  5.549598
22876.5002  5.610445
22878.6731  5.461176
22880.846  5.501016
22883.0189  5.581285
22885.1918  5.387619
22887.3647  5.259976
22889.5376  5.387386
22891.7105  5.707875
22893.8834  6.020876
22896.0563  6.142749
22898.2292  6.211021
22900.4021  6.141229
22902.575  5.802422
22904.7479  5.440522
22906.9208  5.35785
22909.0937  5.38164
22911.2666  5.433899
22913.4395  5.576484
22915.6124  5.568104
22917.7853  5.526728
22919.9582  5.645031
22922.1311  5.839022
22924.304  5.850441
22926.4769  5.686715
22928.6498  5.50844
22930.8227  5.466747
22932.9956  5.63457
22935.1685  6.65516
22937.3414  8.570747
22939.5143  9.502167
22941.6872  8.526717
22943.8601  7.165347
22946.033  6.807353
22948.2059  6.922489
22950.3788  7.026397
22952.5517  7.067724
22954.7246  6.833452
22956.8975  6.473447
22959.0704  6.133759
22961.2433  5.954142
22963.4162  6.161876
22965.5891  6.675462
22967.762  6.830945
22969.9349  6.38131
22972.1078  6.028407
22974.2807  6.304462
22976.4536  6.488814
22978.6265  6.719889
22980.7994  7.904907
22982.9723  9.618321
22985.1452  10.76834
22987.3181  11.71323
22989.491  10.86908
22991.6639  7.365979
22993.8368  6.001828
22996.0097  5.952387
22998.1826  5.782501
23000.3555  6.212465
23002.5284  6.705193
23004.7013  6.257016
23006.8742  5.970764
23009.0471  5.830445
23011.22  5.690839
23013.3929  5.595813
23015.5658  5.564647
23017.7387  5.632896
23019.9116  5.600605
23022.0845  5.60068
23024.2574  5.743299
23026.4303  5.814886
23028.6032  5.719817
23030.7761  5.624239
23032.949  5.82598
23035.1219  6.086788
23037.2948  5.975875
23039.4677  5.763557
23041.6406  5.983094
23043.8135  6.227266
23045.9864  6.133564
23048.1593  5.953835
23050.3322  5.772649
23052.5051  5.781184
23054.678  6.007424
23056.8509  5.915532
23059.0238  5.687688
23061.1967  5.727539
23063.3696  5.795185
23065.5425  5.727744
23067.7154  5.686284
23069.8883  5.649053
23072.0612  5.880213
23074.2341  6.38001
23076.407  6.680391
23078.5799  6.520321
23080.7528  6.050084
23082.9257  5.941183
23085.0986  6.184551
23087.2715  6.456821
23089.4444  6.719999
23091.6173  6.677764
23093.7902  6.338496
23095.9631  6.001068
23098.136  5.932236
23100.3089  6.207111
23102.4818  6.784241
23104.6547  6.916798
23106.8276  6.319994
23109.0005  5.947939
23111.1734  6.137076
23113.3463  6.352205
23115.5192  6.377665
23117.6921  6.304353
23119.865  6.062368
23122.0379  5.991157
23124.2108  6.098794
23126.3837  5.991128
23128.5566  5.991458
23130.7295  6.192868
23132.9024  6.141789
23135.0753  5.948285
23137.2482  5.884431
23139.4211  5.89527
23141.594  5.985719
23143.7669  6.083498
23145.9398  6.10449
23148.1127  6.100863
23150.2856  6.062767
23152.4585  6.001355
23154.6314  6.000088
23156.8043  6.299757
23158.9772  6.606872
23161.1501  6.83373
23163.323  7.175579
23165.4959  7.618443
23167.6688  8.238432
23169.8417  8.584465
23172.0146  8.300976
23174.1875  7.887097
23176.3604  7.627182
23178.5333  7.562996
23180.7062  7.512076
23182.8791  7.435605
23185.052  7.342488
23187.2249  7.183022
23189.3978  6.949234
23191.5707  6.721056
23193.7436  6.797002
23195.9165  7.077604
23198.0894  7.071074
23200.2623  6.869355
23202.4352  7.113542
23204.6081  7.998283
23206.781  8.862129
23208.9539  9.058792
23211.1268  8.995585
23213.2997  7.298283
23215.4726  7.091112
23217.6455  7.755487
23219.8184  8.124152
23221.9913  7.603195
23224.1642  7.334706
23226.3371  7.34081
23228.51  7.502546
23230.6829  7.498093
23232.8558  7.294085
23235.0287  6.999111
23237.2016  6.832174
23239.3745  6.738341
23241.5474  6.895635
23243.7203  7.531763
23245.8932  8.249424
23248.0661  8.899344
23250.239  9.425205
23252.4119  9.140829
23254.5848  8.104275
23256.7577  7.130871
23258.9306  6.708491
23261.1035  6.821993
23263.2764  7.052155
23265.4493  7.121012
23267.6222  6.994314
23269.7951  6.852148
23271.968  6.856218
23274.1409  6.785109
23276.3138  6.754895
23278.4867  6.835686
23280.6596  6.996398
23282.8325  7.430775
23285.0054  7.754789
23287.1783  7.693057
23289.3512  7.622228
23291.5241  7.231279
23293.697  7.282163
23295.8699  7.581138
23298.0428  7.540698
23300.2157  7.383349
23302.3886  7.275533
23304.5615  7.086843
23306.7344  6.996879
23308.9073  7.1729
23311.0802  7.643375
23313.2531  8.017052
23315.426  8.059803
23317.5989  8.102591
23319.7718  7.94084
23321.9447  7.909589
23324.1176  8.015226
23326.2905  7.770535
23328.4634  7.34756
23330.6363  7.064182
23332.8092  7.151491
23334.9821  7.004778
23337.155  6.974798
23339.3279  7.300577
23341.5008  7.073902
23343.6737  7.20511
23345.8466  7.86757
23348.0195  8.025913
23350.1924  8.005141
23352.3653  7.723397
23354.5382  7.425611
23356.7111  7.12325
23358.884  6.718613
23361.0569  7.206305
23363.2298  7.419688
23365.4027  7.007962
23367.5756  7.171189
23369.7485  7.294168
23371.9214  7.2216
23374.0943  7.187961
23376.2672  7.429431
23378.4401  7.944076
23380.613  8.333888
23382.7859  8.325619
23384.9588  8.282926
23387.1317  8.649983
23389.3046  8.602348
23391.4775  8.126848
23393.6504  8.062103
23395.8233  8.278942
23397.9962  8.516625
23400.1691  9.269104
23402.342  9.967415
23404.5149  9.611946
23406.6878  8.940561
23408.8607  8.869587
23411.0336  9.159557
23413.2065  8.952862
23415.3794  8.956425
23417.5523  9.971771
23419.7252  10.58563
23421.8981  9.798491
23424.071  8.504107
23426.2439  7.892573
23428.4168  7.894576
23430.5897  8.086464
23432.7626  8.285616
23434.9355  8.403386
23437.1084  8.208941
23439.2813  7.908441
23441.4542  7.748579
23443.6271  7.630755
23445.8  8.219959
23447.9729  9.309756
23450.1458  9.794083
23452.3187  9.216807
23454.4916  8.553539
23456.6645  8.378434
23458.8374  8.304631
23461.0103  8.551024
23463.1832  8.683195
23465.3561  8.567614
23467.529  8.612538
23469.7019  8.620777
23471.8748  9.208241
23474.0477  10.3704
23476.2206  9.873106
23478.3935  8.991699
23480.5664  9.077119
23482.7393  8.93054
23484.9122  8.677254
23487.0851  8.288448
23489.258  8.28373
23491.4309  8.948255
23493.6038  10.2633
23495.7767  11.72391
23497.9496  11.87925
23500.1225  10.55909
23502.2954  9.763131
23504.4683  10.37637
23506.6412  10.8893
23508.8141  10.6455
23510.987  10.34993
23513.1599  10.67867
23515.3328  11.8343
23517.5057  12.35747
23519.6786  12.04056
23521.8515  13.21084
23524.0244  14.75613
23526.1973  14.10857
23528.3702  11.94142
23530.5431  10.78783
23532.716  10.95335
23534.8889  10.40352
23537.0618  9.616881
23539.2347  9.402241
23541.4076  9.226981
23543.5805  9.194507
23545.7534  8.969165
23547.9263  8.682024
23550.0992  8.685527
23552.2721  8.848907
23554.445  9.026277
23556.6179  9.549442
23558.7908  10.29426
23560.9637  10.2704
23563.1366  9.917762
23565.3095  9.729166
23567.4824  9.539017
23569.6553  9.639062
23571.8282  9.764833
23574.0011  9.632963
23576.174  9.516209
23578.3469  9.722589
23580.5198  10.12989
23582.6927  10.83042
23584.8656  11.64265
23587.0385  11.63224
23589.2114  11.12321
23591.3843  10.3125
23593.5572  8.97129
23595.7301  8.368901
23597.903  8.610794
23600.0759  8.652618
23602.2488  8.479187
23604.4217  8.378372
23606.5946  8.302784
23608.7675  7.655873
23610.9404  7.310203
23613.1133  8.369633
23615.2862  9.51957
23617.4591  9.631924
23619.632  9.148328
23621.8049  8.756892
23623.9778  8.42663
23626.1507  8.27388
23628.3236  8.466392
23630.4965  10.80711
23632.6694  13.52089
23634.8423  11.52967
23637.0152  10.25863
23639.1881  11.61535
23641.361  11.36731
23643.5339  10.21471
23645.7068  9.366061
23647.8797  8.898875
23650.0526  8.607046
23652.2255  8.759816
23654.3984  8.803257
23656.5713  8.680766
23658.7442  8.773568
23660.9171  9.076876
23663.09  9.263209
23665.2629  9.118813
23667.4358  9.593501
23669.6087  11.22804
23671.7816  12.87673
23673.9545  13.13802
23676.1274  12.04003
23678.3003  10.44358
23680.4732  9.412917
23682.6461  9.621817
23684.819  10.25624
23686.9919  11.46147
23689.1648  12.63275
23691.3377  11.73889
23693.5106  10.19699
23695.6835  9.984882
23697.8564  10.60332
23700.0293  11.69084
23702.2022  13.88874
23704.3751  16.10779
23706.548  16.39066
23708.7209  16.04358
23710.8938  16.77636
23713.0667  18.02473
23715.2396  17.36655
23717.4125  14.796
23719.5854  12.86993
23721.7583  11.53524
23723.9312  10.64719
23726.1041  10.90944
23728.277  11.0463
23730.4499  10.90596
23732.6228  10.78751
23734.7957  10.69778
23736.9686  10.69257
23739.1415  10.13317
23741.3144  9.784188
23743.4873  9.882679
23745.6602  9.771643
23747.8331  9.876625
23750.006  10.39575
23752.1789  10.50758
23754.3518  10.129
23756.5247  10.00348
23758.6976  10.72881
23760.8705  12.11522
23763.0434  13.56987
23765.2163  15.21834
23767.3892  15.11211
23769.5621  13.42315
23771.735  12.12201
23773.9079  11.6473
23776.0808  12.63998
23778.2537  16.00774
23780.4266  20.19465
23782.5995  21.88135
23784.7724  18.87345
23786.9453  13.86935
23789.1182  11.24962
23791.2911  11.13
23793.464  12.13187
23795.6369  12.53205
23797.8098  12.6772
23799.9827  12.40297
23802.1556  11.97839
23804.3285  12.54329
23806.5014  12.98675
23808.6743  12.3636
23810.8472  10.6712
23813.0201  9.971004
23815.193  10.01083
23817.3659  10.14247
23819.5388  10.58558
23821.7117  10.73738
23823.8846  11.2334
23826.0575  11.64156
23828.2304  12.71578
23830.4033  15.16378
23832.5762  17.47185
23834.7491  19.02274
23836.922  20.43188
23839.0949  22.14874
23841.2678  22.18675
23843.4407  18.9624
23845.6136  14.70954
23847.7865  12.44551
23849.9594  11.67892
23852.1323  11.17076
23854.3052  11.843
23856.4781  14.87738
23858.651  18.40727
23860.8239  19.01226
23862.9968  16.10837
23865.1697  13.1904
23867.3426  12.03895
23869.5155  11.10583
23871.6884  10.98014
23873.8613  11.41063
23876.0342  12.0521
23878.2071  15.19853
23880.38  19.42586
23882.5529  19.59361
23884.7258  15.2427
23886.8987  11.6167
23889.0716  10.23343
23891.2445  10.13933
23893.4174  10.31011
23895.5903  4.848058
23897.7632  -0.1703556
23899.9361  -0.04549719
23902.109  0.0504553
23904.2819  -0.01517608
23906.4548  1.
23908.6277  1.
23910.8006  1.
23912.9735  1.
23915.1464  1.
23917.3193  1.
23919.4922  1.
23921.6651  1.
23923.838  1.
23926.0109  1.
23928.1838  1.
23930.3567  1.
23932.5296  1.
23934.7025  1.
23936.8754  1.
23939.0483  1.
23941.2212  1.
23943.3941  1.
23945.567  1.
23947.7399  1.
23949.9128  1.
23952.0857  1.
23954.2586  1.
23956.4315  1.
23958.6044  1.
23960.7773  1.
23962.9502  1.
23965.1231  1.
23967.296  1.
23969.4689  1.
23971.6418  1.
23973.8147  1.
23975.9876  1.
23978.1605  1.
23980.3334  1.
23982.5063  1.
23984.6792  1.
23986.8521  1.
23989.025  1.
23991.1979  1.
23993.3708  1.
23995.5437  1.
23997.7166  1.
23999.8895  1.
24002.0624  1.
24004.2353  1.
24006.4082  1.
24008.5811  1.
24010.754  1.
24012.9269  1.
24015.0998  1.
24017.2727  1.
24019.4456  1.
24021.6185  1.
24023.7914  1.
24025.9643  1.
24028.1372  1.
24030.3101  1.
24032.483  1.
24034.6559  1.
24036.8288  1.
24039.0017  1.
24041.1746  1.
24043.3475  1.
24045.5204  1.
24047.6933  1.
24049.8662  1.
