  9722.536 0.4285603   16.7192    -39.01   4.38563     3.581        0.
  9740.732 0.3584097   6.41659     -17.9   1.60455     3.757        0.
  9793.671 0.2701362    46.975    -173.9   11.2571      3.92        0.
  9802.215 0.5824142   14.1921    -24.37   3.64361     3.659        0.
  9851.189  0.370024   10.4587    -28.26   2.67448     3.674        0.
  9874.857 0.2467399   35.9832    -145.8   9.06509     3.729        0.
  9897.441 0.3584097   12.9623    -36.17   3.29859     3.692        0.
  9917.402 0.3367056   36.1847    -107.5   9.23016     3.683        0.
  10015.71 0.3809398   50.6965    -133.1   12.1002     3.936        0.
  10085.22 0.6539237   23.8021     -36.4   6.50125     3.439        0.
  10126.76 0.4218355   31.0935    -73.71   8.00917     3.647        0.
  10174.69 0.4102116   45.1832    -110.1   11.5241     3.683        0.
   10192.5 0.4818929   41.3499    -85.81   10.8034     3.596        0.
  10213.64 0.0855111   60.9952    -713.3   14.0847     4.068        0.
  10289.32 0.5740355   157.284     -274.   38.7426     3.814        0.
  10350.18 0.6253267   29.3679    -46.96    7.6582     3.603        0.
  10375.73 0.4396799   100.545    -228.7   25.9694     3.637        0.
  10399.41 0.3670411   37.9289    -103.3   9.77593     3.645        0.
  10421.21 0.3855163    107.26    -278.2   27.4844     3.666        0.
  10453.34 0.2761628   29.9973    -108.6   7.61186     3.702        0.
  10471.83  0.368775   71.1489    -192.9   18.1569     3.681        0.
  10512.02 0.3331173    16.433    -49.33   4.15678     3.714        0.
  10527.66 0.0783217   36.8525    -470.5   8.87754       3.9        0.
  10588.75 0.4403031   11.9892    -27.23   3.07867     3.658        0.
  10731.74 0.8860021   66.8525    -75.45   17.7158     3.545        0.
  10753.89 0.0975834   87.0608    -892.2   21.9276      3.73        0.
  10775.06 0.4226018   28.8912    -68.37   7.52031     3.609        0.
  10834.14 0.1496416   241.175    -1612.   58.4089     3.879        0.
   10844.6 -0.004616    86.886     INDEF   20.3598     4.009        0.
  10859.55 0.3563756   27.6332    -77.54    6.7405     3.851        0.
  10898.69 0.4169868   47.7275    -114.5   12.2047     3.674        0.
  10926.45 0.4068148   152.055    -373.8   39.2333     3.641        0.
  10951.35 0.2575173   61.3616    -238.3   15.6788     3.677        0.
  10975.32 0.3563756   170.898    -479.5   43.8692      3.66        0.
  11009.26  0.190642   48.8348    -256.2   12.3488     3.715        0.
  11029.81 0.2021494   116.964    -578.6   29.6179      3.71        0.
  11072.46 0.2044728   27.9697    -136.8   6.97431     3.768        0.
  11090.01  0.247654     59.92     -242.   14.9983     3.753        0.
  11140.95 0.2362435   12.0771    -51.12   2.97064     3.819        0.
   11156.1 0.1044647    22.646    -216.8   5.35628     3.972        0.

Apr 15 14:50 [rat_Hsky.msdc]: sky
avg:      6.478  rms:      13.38   snr:     0.48

Apr 15 14:51 [rat_Ksky.msdc]: m57
avg:      5.769  rms:      35.92   snr:     0.16

Apr 15 14:52 [rat_Ksky.msdc]: m57
avg:      2.656  rms:      2.845   snr:     0.93
  11538.79 0.4553688   191.382    -420.3   45.3587     3.964        0.
  11565.24 0.2367917   49.3497    -208.4   11.4932     4.034        0.
  11591.7 0.2270357   218.926    -964.3   51.3177     4.008        0.
  11627.87 0.3625732   64.2728    -177.3   15.2139     3.969        0.
  11650.77 0.2224545    154.61     -695.   35.9336     4.042        0.
  11696.36 0.4133692   38.0121    -91.96   9.05563     3.943        0.
  11716.14 0.4133692   84.5699    -204.6   19.6667      4.04        0.
  11770.9 0.2482089   18.0108    -72.56   4.09513     4.132        0.
  11788. 0.4989984   33.1195    -66.37   7.77543     4.002        0.
  11851.48 0.3682746   5.52575      -15.   1.32462     3.919        0.
  11866.53  0.276013   11.6434    -42.18   2.49995     4.375        0.
  11716.14 0.1543775   86.9585    -563.3    19.847     4.116        0.
  11770.66 0.3653587   16.9103    -46.28   4.00159      3.97        0.
  11788.01 0.1956955   35.9399    -183.7   7.98857     4.226        0.
  11988.49 -0.022382   79.4223     INDEF   15.7534     4.736        0.
  12007.05 0.4933885   124.437    -252.2   28.8165     4.057        0.
  12030.83 0.2495549   142.718    -571.9   31.3697     4.274        0.
  12055.92  -0.12224    53.318     INDEF   11.8775     4.217        0.
  12122.49 0.3722221   372.278    -1000.   83.3021     4.198        0.
  12135.86 0.3380186    136.43    -403.6   30.5429     4.196        0.
  12154.99 0.4766534   44.5423    -93.45   10.4751     3.995        0.
  12179.92 0.5951867   13.0273    -21.89     3.339     3.665        0.
  12196.4  0.346314   73.6405    -212.6   17.3604     3.985        0.
  12229.31 0.6057585   246.035    -406.2   58.3775     3.959        0.
  12257.73  0.401854    97.231     -242.   23.0282     3.967        0.
  12286.98 0.2565226   281.945    -1099.   66.1291     4.005        0.
  12325.95 -0.173645   86.8708     INDEF   19.7527     4.132        0.
  12351.6 0.6820694   202.449    -296.8   47.7061     3.987        0.
  12400.9 0.8187301    46.683    -57.02   11.5406       3.8        0.
  12423.35 0.5333745   111.018    -208.1   25.8859     4.029        0.
  12482.72 0.1839027   25.1909     -137.   5.68833      4.16        0.
  12502.37  0.341424   48.5855    -142.3   10.8835     4.194        0.
  12526.09 0.2043897   17.2264    -84.28   3.84165     4.213        0.
  12541.98 0.2401632   19.9565     -83.1    4.5917     4.083        0.
  12558. 0.0278826   21.0086    -753.5   4.51671      4.37        0.
  12589.61 0.5258632   41.3281    -78.59   9.46304     4.103        0.
  12673.98 0.7372363   47.4575    -64.37   11.6407      3.83        0.
  12685.77  1.486325   166.759    -112.2   40.3334     3.884        0.
  12710.06  1.339296   85.7249    -64.01   21.2242     3.794        0.
  12726.12 0.6468288   52.1836    -80.68   12.7591     3.842        0.
  12764.01 0.3536822   100.686    -284.7   19.2078     4.924        0.
  12782.39 1.9567E-4   163.579  -836005.   32.8098     4.684        0.
  12806.47 0.3949621   198.867    -503.5   32.3519     5.775        0.
  12824.78 0.9096129    59.064    -64.93    14.665     3.784        0.
  12834.54  1.082944   50.8187    -46.93   12.9205     3.695        0.
  12845.02  1.008458   91.0428    -90.28   22.3794     3.822        0.
  12905.58  1.326137    420.24    -316.9   95.7181     4.124        0.
   12921.1  1.008458   151.485    -150.2   35.2941     4.032        0.
  12943.18  1.086248   51.8263    -47.71   13.0725     3.724        0.
  12985.66  1.274035   75.9052    -59.58   19.0788     3.738        0.
  13021.64 0.8511271   278.289     -327.   66.2834     3.944        0.
  13052.73 0.6906462   111.566    -161.5   26.7757     3.914        0.
  13085.28  0.880376   322.102    -365.9   76.4372     3.959        0.
  13127.83 0.3569956   97.7638    -273.9   23.1357      3.97        0.
  13156.82 0.2189281   216.581    -989.3    50.328     4.043        0.
  13210.85 -0.035327   63.7585     INDEF   14.5324     4.122        0.
  13236.54 0.6889645   137.717    -199.9    32.223     4.015        0.
  13301.96 0.3003193   20.7201    -68.99   4.85307     4.011        0.
  13324.64 0.2090036   38.0681    -182.1   8.37383     4.271        0.
  13421.56 0.3086752   22.5262    -72.98   4.95327     4.272        0.
  13509.39 0.1577794   2.45986    -15.59  0.576262      4.01        0.
  14665.11  -0.39818   271.371     INDEF   54.8502     4.648        0.
  14698.59  1.243777   692.729     -557.   135.893     4.789        0.
    14740. 0.9241495   122.136    -132.2   25.7829      4.45        0.
  14783.74  1.125737   402.712    -357.7    83.516      4.53        0.
  14833.09 -1.170403   872.969     INDEF   176.982     4.634        0.
   14887.6  -0.27485    1201.9     INDEF   243.151     4.644        0.
   14931.9 -0.521365   421.355     INDEF    85.512     4.629        0.
  15055.35   9.37947   3348.85     -357.   664.112     4.737        0.
  15068.85   4.50141   1096.89    -243.7   217.354     4.741        0.
  15088.19  2.439251   238.724    -97.87   48.5467      4.62        0.
  15187.12 0.8015733   691.104    -862.2   142.168     4.567        0.
  15240.97  4.099566   2310.68    -563.6   479.168      4.53        0.
  15287.79  2.785509   829.705    -297.9   172.449      4.52        0.
  15332.42  3.258095   2407.93    -739.1   494.891     4.571        0.
  15395.34  3.258095   625.804    -192.1   132.551     4.435        0.
  15432.13  4.223396   1548.65    -366.7   315.937     4.605        0.
  15597.6  1.888629   1042.47     -552.   215.821     4.538        0.
  15631.52  5.697638   518.078    -90.93   112.182     4.338        0.
  15655.19  9.218449   1476.42    -160.2   298.083     4.653        0.
  15702.47  3.054673   400.121     -131.   85.3451     4.404        0.
  15833.1 0.9667844   3888.41    -4022.   753.698     4.847        0.
  15847.98 0.9602246   1310.34    -1365.    255.86     4.811        0.
  15869.34 0.5838573   417.871    -715.7   83.6128     4.695        0.
  15972.6  3.182928   770.045    -241.9   159.946     4.523        0.
  16030.82  1.025398   2646.31    -2581.   543.847     4.571        0.
  16079.75 -3.368188   1040.09     INDEF   208.915     4.677        0.
  16128.6  1.311182   2829.12    -2158.    577.21     4.605        0.
  16194.61 0.7845368   776.012    -989.1   160.324     4.547        0.
  16235.36 0.8776472   1891.32    -2155.    380.41     4.671        0.
  16317.05  0.844338   453.047    -536.6   91.9107     4.631        0.
  16351.28  5.790543   867.482    -149.8   175.862     4.634        0.
  16388.45  11.18397   451.378    -40.36   104.694      4.05        0.
  16442.29  10.20842   1074.66    -105.3   201.086     5.021        0.
  16477.97  2.556485   734.493    -287.3   126.954     5.435        0.
  16502.37  5.790028   1221.35    -210.9   257.703     4.452        0.
  16553.81  5.643708   414.667    -73.47   91.2115     4.271        0.
  16692.19  6.078702   3686.57    -606.5   717.072      4.83        0.
  16708.82  6.368653   1215.09    -190.8   249.047     4.583        0.
  16732.54  6.145838   379.382    -61.73   83.8746     4.249        0.
  16840.49  1.845294   616.911    -334.3   128.432     4.512        0.
  16903.68 0.8563845   2570.68    -3002.   527.916     4.575        0.
  16955.08  1.594937    971.27     -609.   201.553     4.527        0.
  17008.74 0.7824073   2717.25    -3473.   553.651     4.611        0.
  17078.37 0.8719112   771.459    -884.8   159.503     4.544        0.
  17123.65 0.7222199   1929.62    -2672.   386.743     4.687        0.
  17210.38  2.494463   443.401    -177.8   91.3931     4.558        0.
  17248.58  6.367895   919.961    -144.5   180.382     4.791        0.
  17282.78  3.849494   171.052    -44.43   38.9549     4.125        0.
  17330.86  3.439751    483.95    -140.7   103.099      4.41        0.
   17386.1   3.64217   1275.84    -350.3   224.507     5.339        0.
  17427.09  3.712814    357.33    -96.24    77.724     4.319        0.
  17449.96  2.931143   1107.78    -377.9   229.406     4.536        0.
  17505.74  4.575906   399.164    -87.23    79.145     4.738        0.
  17653.04  5.339971   3129.65    -586.1   606.525     4.847        0.
  17671.79  9.931002   979.652    -98.65   209.263     4.398        0.
  17698.4  8.718537   285.776    -32.78   67.8651     3.956        0.
  17811.45 0.6600862   422.661    -640.3     87.29     4.549        0.
  17880.3  5.651885   2146.05    -379.7   446.508     4.515        0.
  17993.96  4.287277   2355.24    -549.4   483.992     4.572        0.
  18067.95 0.1003312   529.815    -5281.   108.066     4.606        0.
   19250.4  1.356316   1051.31    -775.1    171.56     5.757        0.
  19350.12 0.8453314   334.803    -396.1   55.6132     5.656        0.
  19399.43 0.4077549   109.152    -267.7   17.1829     5.968        0.
  19518.51  1.148291   122.991    -107.1    20.514     5.632        0.
  19560.42  1.052272   183.465    -174.4   26.6948     6.456        0.
  19560.52  0.941395   185.015    -196.5   26.8062     6.484        0.
  19593.22 0.6408508   81.2924    -126.9   13.3261     5.731        0.
  19618.72  1.104542   60.3286    -54.62   10.5413     5.376        0.
  19642.48 0.8615225   285.893    -331.8   47.1882     5.692        0.
  19677.97 -0.112139    134.44     INDEF   21.2698     5.938        0.
  19701.83 -0.036455   429.637     INDEF   65.5356     6.159        0.
   19736.1  1.580824    92.621    -58.59   14.8014     5.879        0.
  19751.57  1.365138   217.362    -159.2   36.9767     5.522        0.
  19771.85  0.941395   635.713    -675.3   105.145      5.68        0.
  19839.71  1.741949   212.977    -122.3   36.7842     5.439        0.
   19891.9 -0.330217    27.203     INDEF   3.39314     7.532        0.
  20007.94  1.466438   1263.98    -861.9   199.463     5.953        0.
    20037.  1.832619   16242.6    -8863.   27.6398     552.1        0.
  20068.94  2.528103   72.6659    -28.74    12.872     5.303        0.
  20116.16  1.696488   15.9975     -9.43   2.88027     5.218        0.
  20174.46  1.373009   12.7707    -9.301   2.17122     5.526        0.
  20193.21  1.525874   242.334    -158.8   40.0885     5.679        0.
  20275.88 0.7085599   1068.08    -1507.   176.535     5.684        0.
  20339.57  1.032517   496.544    -480.9   82.6223     5.646        0.
  20412.68  3.333032   1412.34    -423.7   235.283     5.639        0.
  20499.43   1.88279   233.696    -124.1   39.6477     5.537        0.
  20563.64  1.856968   920.736    -495.8   149.351     5.792        0.
  20672.54  1.103804   35.3233      -32.   5.75643     5.765        0.
  20729.02   2.12784   633.412    -297.7   101.854     5.842        0.
  20729.04 0.9888732   649.591    -656.9     102.5     5.954        0.
  20860.25 0.2746782   144.164    -524.8    23.434     5.779        0.
  20909.59 -0.281672   304.051     INDEF   45.5537      6.27        0.
  21033.25  1.153077   29.2507    -25.37   5.05371     5.437        0.
  21066.29 0.5893052     151.9    -257.8   15.9405     8.952        0.
  21115.79   1.58195   216.888    -137.1   35.3018     5.772        0.
  21156.12  1.067763   90.4378     -84.7   15.8423     5.363        0.
  21176.57 0.9727368   367.784    -378.1   61.4683     5.621        0.
  21232.38  0.707523   146.778    -207.5   24.7592     5.569        0.
  21249.61 0.9098206   404.257    -444.3   67.4872     5.627        0.
  21279.07 0.6228381   15.1195    -24.28   2.67507      5.31        0.
  21324.87  1.574375   5791.42    -3679.   8.73236      623.        0.
  21507.12  1.200725   1156.37    -963.1   187.104     5.806        0.
  21537.56 0.8775616   423.826     -483.   69.2388     5.751        0.
  21580.69 -1.633323   189.862     INDEF   28.7366     6.207        0.
  21637.02  1.210759   50.5365    -41.74   9.03616     5.254        0.
  21710.99  1.336627   242.597    -181.5   39.7753      5.73        0.
   21802.3 0.9638731   816.983    -847.6   135.353      5.67        0.
  21873.54  1.233079   329.581    -267.3   55.3713     5.592        0.
  21873.52   1.67657   324.286    -193.4   55.0059     5.538        0.
  21955.64 0.7121444   997.245    -1400.   163.389     5.734        0.
  22052.35 -0.058693   319.341     INDEF   51.6061     5.813        0.
  22125.51 0.4978075   795.273    -1598.   128.348     5.821        0.
  22253.02 0.3513806   9319.22   -26522.   15.3173     571.6        0.
  22312.75  1.641132   469.387     -286.   74.6846     5.904        0.
  22460.33 0.7853224   111.387    -141.8   17.4158     6.008        0.
  22517.99 0.7906137   232.034    -293.5   34.3412     6.348        0.
  22689.14  0.868156   72.1112    -83.06   8.62079     7.858        0.
  22742.11 0.8624455   95.9321    -111.2   12.0306     7.491        0.
  22829.28 0.8130677   43.6741    -53.72   6.24984     6.565        0.
   22898.2 0.9045226   56.2125    -62.15   5.67752     9.301        0.
    22986.  1.322434   81.0114    -61.26   7.69479      9.89        0.
  23286.22  1.075466   52.5826    -48.89   5.74844     8.593        0.
  23559.76  3.917768   88.4401    -22.57   14.0692     5.905        0.
  23675.23  2.340314   105.172    -44.94   13.3933     7.377        0.
  23767.28  2.570862   152.459     -59.3   16.0691     8.913        0.
  23914.55  3.339629   199.892    -59.85   28.5931     6.568        0.
  23968.14  3.976357   199.457    -50.16   22.7181     8.248        0.
  24042.62   4.66391   208.635    -44.73   33.0929     5.923        0.
