Wavelength (micron)  Background (photon/sec/pixel)
       1.9040121       73.245423
       1.9042290       72.474244
       1.9044460       71.701491
       1.9046631       70.926739
       1.9048800       70.150839
       1.9050970       69.373364
       1.9053140       68.594316
       1.9055310       67.813264
       1.9057480       67.031068
       1.9059651       66.246867
       1.9061821       65.461522
       1.9063990       64.674603
       1.9066160       63.886111
       1.9068331       63.095610
       1.9070500       62.303969
       1.9072671       61.510319
       1.9074841       60.715530
       1.9077010       59.919167
       1.9079180       59.121230
       1.9081351       58.321280
       1.9083520       57.520196
       1.9085691       56.717096
       1.9087861       55.912862
       1.9090030       55.107056
       1.9092200       54.299675
       1.9094371       53.490276
       1.9096540       52.679747
       1.9098711       51.867197
       1.9100881       51.053520
       1.9103050       50.238269
       1.9105220       49.421444
       1.9107391       48.602596
       1.9109560       47.782623
       1.9111731       46.960624
       1.9113901       46.137503
       1.9116070       45.312808
       1.9118240       44.486539
       1.9120411       43.658241
       1.9122580       42.828824
       1.9124751       41.997376
       1.9126921       41.164810
       1.9129090       40.330671
       1.9131260       39.494958
       1.9133431       38.657211
       1.9135600       37.818350
       1.9137771       36.977452
       1.9139941       36.135443
       1.9142110       35.291859
       1.9144280       34.446702
       1.9146451       33.599506
       1.9148620       32.751200
       1.9150791       31.900854
       1.9152961       31.049400
       1.9155130       30.196372
       1.9157300       29.341771
       1.9159471       28.485125
       1.9161640       27.627376
       1.9163810       26.768053
       1.9165981       25.906682
       1.9168150       25.044211
       1.9170320       24.180165
       1.9172491       23.314070
       1.9174660       22.446876
       1.9176830       21.578109
       1.9179001       20.707289
       1.9181170       19.835373
       1.9183340       18.961884
       1.9185510       18.086821
       1.9187680       17.209702
       1.9189850       16.331490
       1.9192021       15.451221
       1.9194191       14.569861
       1.9196360       13.686928
       1.9198530       12.802420
       1.9200701       11.915852
       1.9202870       11.028195
       1.9205041       10.138439
       1.9207211       9.2474609
       1.9209380       8.3560480
       1.9211550       7.4776049
       1.9213721       6.6549188
       1.9215890       5.9459105
       1.9218061       5.3941618
       1.9220231       5.0534011
       1.9222400       4.9536338
       1.9224570       5.0436609
       1.9226741       5.2321979
       1.9228910       5.4648239
       1.9231081       5.7892261
       1.9233251       6.3874595
       1.9235420       7.5994148
       1.9237590       10.672270
       1.9239761       21.921945
       1.9241930       60.895347
       1.9244101       156.22864
       1.9246271       306.25483
       1.9248440       441.70757
       1.9250610       468.19377
       1.9252781       364.92279
       1.9254950       208.64167
       1.9257121       88.153821
       1.9259291       30.176827
       1.9261460       12.015541
       1.9263630       8.2324208
       1.9265801       7.7838799
       1.9267970       7.9619970
       1.9270141       8.0840467
       1.9272311       7.8727917
       1.9274480       7.3820366
       1.9276650       6.9041468
       1.9278821       6.7504338
       1.9280990       7.0218592
       1.9283161       7.5152453
       1.9285331       7.9547103
       1.9287500       8.5554605
       1.9289670       10.379879
       1.9291841       14.532878
       1.9294010       20.345560
       1.9296181       24.880381
       1.9298351       25.209323
       1.9300520       21.227524
       1.9302690       15.625145
       1.9304861       11.344481
       1.9307030       9.7290677
       1.9309200       10.865784
       1.9311371       14.411439
       1.9313540       19.355109
       1.9315710       23.763164
       1.9317880       25.524172
       1.9320050       23.715467
       1.9322220       20.102831
       1.9324391       19.934601
       1.9326560       28.338332
       1.9328730       41.775613
       1.9330900       48.463766
       1.9333071       43.485331
       1.9335240       34.746384
       1.9337411       30.276653
       1.9339581       32.132504
       1.9341750       45.620041
       1.9343920       82.046320
       1.9346091       141.58283
       1.9348260       196.55587
       1.9350431       208.20971
       1.9352601       166.63555
       1.9354770       102.28798
       1.9356940       52.166341
       1.9359111       27.479964
       1.9361280       18.273880
       1.9363451       13.887347
       1.9365621       10.750913
       1.9367790       8.6332020
       1.9369960       7.3584426
       1.9372131       6.6129648
       1.9374300       6.3086362
       1.9376471       6.4365976
       1.9378641       6.8454635
       1.9380810       7.3071423
       1.9382980       7.8701506
       1.9385151       9.1526666
       1.9387320       12.603990
       1.9389491       22.130325
       1.9391661       46.472864
       1.9393830       94.034491
       1.9396000       155.72729
       1.9398171       197.95510
       1.9400340       189.28280
       1.9402511       135.23128
       1.9404681       72.658149
       1.9406850       31.294249
       1.9409020       13.877974
       1.9411191       9.0175122
       1.9413360       7.8266208
       1.9415531       7.1433376
       1.9417701       6.4266275
       1.9419870       5.7477242
       1.9422040       5.2465187
       1.9424211       4.9857051
       1.9426380       4.9383785
       1.9428551       5.0817962
       1.9430721       5.4209695
       1.9432890       5.8413820
       1.9435060       6.0714513
       1.9437231       5.9391692
       1.9439400       5.5810052
       1.9441570       5.2980445
       1.9443741       5.2717466
       1.9445910       5.4278610
       1.9448080       5.5334833
       1.9450251       5.4925812
       1.9452420       5.6104354
       1.9454590       6.5550788
       1.9456761       8.9271502
       1.9458930       12.740768
       1.9461100       17.312173
       1.9463270       21.423530
       1.9465441       24.204995
       1.9467610       26.238131
       1.9469781       28.212641
       1.9471951       29.223074
       1.9474120       28.249128
       1.9476290       25.781218
       1.9478461       23.049692
       1.9480630       20.736065
       1.9482801       18.828772
       1.9484971       17.057085
       1.9487140       15.162213
       1.9489310       13.311091
       1.9491481       12.209945
       1.9493650       12.419796
       1.9495821       13.624996
       1.9497991       14.735580
       1.9500160       14.941759
       1.9502330       15.015854
       1.9504501       17.543600
       1.9506670       25.360703
       1.9508841       40.733816
       1.9511011       67.767126
       1.9513180       111.36317
       1.9515350       164.97109
       1.9517521       203.11847
       1.9519690       200.80860
       1.9521861       161.50525
       1.9524031       113.87605
       1.9526200       80.525041
       1.9528370       61.760228
       1.9530541       48.722479
       1.9532710       38.972531
       1.9534880       34.984641
       1.9537051       35.635852
       1.9539220       35.718117
       1.9541390       31.899783
       1.9543561       25.332527
       1.9545730       19.621211
       1.9547900       18.726009
       1.9550071       26.313947
       1.9552240       46.312216
       1.9554410       82.715775
       1.9556581       130.79393
       1.9558750       167.38760
       1.9560920       167.16167
       1.9563091       130.12450
       1.9565260       80.703168
       1.9567430       43.588953
       1.9569601       26.976009
       1.9571770       23.857484
       1.9573940       23.669730
       1.9576111       21.047757
       1.9578280       16.393003
       1.9580450       12.174527
       1.9582621       10.311814
       1.9584790       12.822057
       1.9586960       23.025688
       1.9589131       42.020255
       1.9591300       62.141299
       1.9593470       69.639632
       1.9595641       58.398388
       1.9597811       37.018962
       1.9599980       18.908147
       1.9602151       9.7886946
       1.9604321       7.4198306
       1.9606490       8.2590620
       1.9608660       10.977068
       1.9610831       16.972647
       1.9613000       29.253220
       1.9615171       47.154436
       1.9617341       61.794888
       1.9619510       62.632233
       1.9621680       49.474693
       1.9623851       32.978094
       1.9626020       22.652719
       1.9628191       19.145776
       1.9630361       18.669590
       1.9632530       21.015242
       1.9634700       33.541564
       1.9636871       66.400282
       1.9639040       116.36628
       1.9641211       157.09500
       1.9643381       158.74369
       1.9645550       119.84263
       1.9647720       68.512223
       1.9649891       31.731716
       1.9652060       14.461878
       1.9654231       8.3131361
       1.9656401       6.2142266
       1.9658570       5.4071268
       1.9660740       5.1244406
       1.9662911       5.2868247
       1.9665080       6.0787959
       1.9667251       7.9026097
       1.9669421       12.311370
       1.9671590       22.772267
       1.9673760       41.053536
       1.9675931       60.619455
       1.9678100       68.505676
       1.9680270       58.382422
       1.9682441       38.037565
       1.9684610       20.403001
       1.9686780       11.135568
       1.9688951       8.8374835
       1.9691120       13.128452
       1.9693290       30.099941
       1.9695461       70.226712
       1.9697630       134.33880
       1.9699800       197.10961
       1.9701971       217.57273
       1.9704140       179.25016
       1.9706310       109.79797
       1.9708481       50.653071
       1.9710650       19.463073
       1.9712820       8.6661854
       1.9714991       6.0176786
       1.9717160       5.3100776
       1.9719330       4.8999601
       1.9721501       4.5748134
       1.9723670       4.5082461
       1.9725840       5.4610129
       1.9728010       9.3656174
       1.9730181       18.789097
       1.9732350       33.576301
       1.9734521       47.701496
       1.9736691       52.464786
       1.9738860       44.846519
       1.9741030       31.368091
       1.9743201       24.165308
       1.9745370       33.930749
       1.9747541       61.273365
       1.9749711       90.768093
       1.9751880       100.87384
       1.9754050       84.911466
       1.9756221       56.979791
       1.9758390       34.859032
       1.9760561       24.659881
       1.9762731       27.506198
       1.9764900       53.700615
       1.9767070       115.27233
       1.9769241       196.14419
       1.9771410       246.20606
       1.9773581       227.09779
       1.9775751       155.11921
       1.9777920       80.810469
       1.9780090       35.563454
       1.9782261       16.303602
       1.9784430       9.0018740
       1.9786601       5.7603043
       1.9788771       4.2606207
       1.9790940       3.7037045
       1.9793110       3.6058882
       1.9795281       3.7224328
       1.9797450       4.0111518
       1.9799620       4.6233994
       1.9801791       5.7698529
       1.9803960       7.3654334
       1.9806130       8.8971554
       1.9808301       9.7422675
       1.9810470       9.5907225
       1.9812640       8.6406353
       1.9814811       7.4173784
       1.9816980       6.3909167
       1.9819150       5.7707372
       1.9821321       5.5549010
       1.9823490       5.5579161
       1.9825660       5.4758485
       1.9827831       5.3682192
       1.9830000       6.7707579
       1.9832170       14.009960
       1.9834341       32.361281
       1.9836510       59.703028
       1.9838680       81.303577
       1.9840851       81.035972
       1.9843020       59.147927
       1.9845190       31.926037
       1.9847361       13.641376
       1.9849530       5.9846675
       1.9851700       3.8574548
       1.9853871       3.3496274
       1.9856040       3.1283508
       1.9858210       2.9695024
       1.9860380       2.8933821
       1.9862550       2.9467772
       1.9864720       3.1446363
       1.9866891       3.4436884
       1.9869061       3.7166705
       1.9871230       3.7996060
       1.9873400       3.6317718
       1.9875571       3.3259295
       1.9877740       3.0697867
       1.9879911       3.0235334
       1.9882081       3.4824567
       1.9884250       5.3075228
       1.9886420       9.7902364
       1.9888591       16.964568
       1.9890760       24.043097
       1.9892931       27.158348
       1.9895101       25.104747
       1.9897270       20.515547
       1.9899440       17.000989
       1.9901611       15.843008
       1.9903780       15.605996
       1.9905951       14.366180
       1.9908121       12.002007
       1.9910290       10.062292
       1.9912460       9.5246921
       1.9914631       9.8954871
       1.9916800       11.109621
       1.9918971       14.641048
       1.9921141       21.074785
       1.9923310       27.449751
       1.9925480       29.090551
       1.9927651       24.372018
       1.9929820       16.381018
       1.9931990       9.8408235
       1.9934161       7.1828923
       1.9936330       7.1857672
       1.9938500       7.0564394
       1.9940671       5.7672550
       1.9942840       4.4575572
       1.9945010       4.1982002
       1.9947181       4.9800713
       1.9949350       6.2362636
       1.9951520       7.4314899
       1.9953691       8.3913608
       1.9955860       9.1070956
       1.9958030       9.2599407
       1.9960201       8.4744416
       1.9962370       7.1062693
       1.9964540       6.0585613
       1.9966711       5.7279092
       1.9968880       5.6676072
       1.9971050       5.3301539
       1.9973221       4.7390689
       1.9975390       4.2855893
       1.9977560       4.1662616
       1.9979731       4.2618104
       1.9981900       4.4020394
       1.9984070       4.5352516
       1.9986241       4.6908953
       1.9988410       4.9229635
       1.9990580       5.3036312
       1.9992751       6.0239456
       1.9994920       8.0220616
       1.9997090       15.609056
       1.9999261       42.630693
       2.0001431       114.29261
       2.0003600       243.01244
       2.0005770       385.63095
       2.0007939       451.51852
       2.0010111       388.81642
       2.0012281       245.65361
       2.0014451       114.92598
       2.0016620       43.047590
       2.0018790       17.691391
       2.0020959       12.503566
       2.0023131       14.387850
       2.0025301       24.074270
       2.0027471       48.727927
       2.0029640       88.035487
       2.0031810       122.47827
       2.0033979       126.33980
       2.0036151       96.023190
       2.0038321       54.382762
       2.0040491       24.576366
       2.0042660       11.304748
       2.0044830       7.4331005
       2.0046999       6.6112837
       2.0049171       6.4434562
       2.0051341       6.4691397
       2.0053511       6.6832847
       2.0055680       7.1254757
       2.0057850       7.7744504
       2.0060019       8.6634407
       2.0062191       10.661853
       2.0064361       15.739109
       2.0066531       24.198945
       2.0068700       31.661327
       2.0070870       32.256777
       2.0073040       25.255016
       2.0075212       15.796708
       2.0077381       9.0706309
       2.0079551       6.0438943
       2.0081720       5.0420396
       2.0083890       4.6689825
       2.0086060       4.5176433
       2.0088232       4.7742930
       2.0090401       6.0521812
       2.0092571       8.9491159
       2.0094740       13.160173
       2.0096910       17.044850
       2.0099080       18.383629
       2.0101252       16.278161
       2.0103421       12.291774
       2.0105591       8.9777137
       2.0107760       7.8482484
       2.0109930       9.1291061
       2.0112100       12.205197
       2.0114269       15.560167
       2.0116441       17.325652
       2.0118611       16.924776
       2.0120780       16.038153
       2.0122950       17.830102
       2.0125120       25.353253
       2.0127292       36.848597
       2.0129461       42.041930
       2.0131631       34.181163
       2.0133801       20.697144
       2.0135970       11.224421
       2.0138140       7.1400560
       2.0140309       5.8618459
       2.0142481       5.5286812
       2.0144651       5.4047877
       2.0146821       5.3561724
       2.0148990       5.4004963
       2.0151160       5.4877327
       2.0153329       5.6450298
       2.0155501       6.0511499
       2.0157671       6.8369138
       2.0159841       7.9310570
       2.0162010       9.0395388
       2.0164180       9.8133572
       2.0166349       10.206769
       2.0168521       10.555911
       2.0170691       11.184984
       2.0172861       11.995958
       2.0175030       12.495598
       2.0177200       12.207756
       2.0179369       11.064600
       2.0181541       9.7248459
       2.0183711       10.270761
       2.0185881       17.165781
       2.0188050       35.027025
       2.0190220       60.492176
       2.0192389       78.615451
       2.0194561       75.407123
       2.0196731       53.672501
       2.0198901       29.622572
       2.0201070       15.354716
       2.0203240       10.872159
       2.0205410       10.439785
       2.0207582       10.027762
       2.0209751       9.0781477
       2.0211921       8.6432268
       2.0214090       8.9775585
       2.0216260       9.0997411
       2.0218430       8.2717145
       2.0220602       6.8778284
       2.0222771       5.7169148
       2.0224941       5.1115929
       2.0227110       4.9395540
       2.0229280       4.9944234
       2.0231450       5.1112963
       2.0233622       5.2597182
       2.0235791       5.5346956
       2.0237961       5.8873598
       2.0240130       6.0555453
       2.0242300       5.9484647
       2.0244470       5.8476345
       2.0246639       5.9725035
       2.0248811       6.0926894
       2.0250981       5.8792910
       2.0253150       5.3978850
       2.0255320       4.9846494
       2.0257490       4.8464254
       2.0259662       5.0072857
       2.0261831       5.6003597
       2.0264001       7.6924887
       2.0266171       17.162951
       2.0268340       52.384247
       2.0270510       138.16102
       2.0272679       266.48686
       2.0274851       369.11959
       2.0277021       369.73875
       2.0279191       269.11711
       2.0281360       143.49215
       2.0283530       59.900245
       2.0285699       26.059755
       2.0287871       18.104440
       2.0290041       17.611091
       2.0292211       17.741763
       2.0294380       17.170899
       2.0296550       16.177969
       2.0298719       14.827470
       2.0300891       12.918174
       2.0303061       10.866084
       2.0305231       9.3806163
       2.0307400       8.4730114
       2.0309570       7.8754996
       2.0311739       8.2584944
       2.0313911       10.752337
       2.0316081       14.888013
       2.0318251       18.058185
       2.0320420       17.819380
       2.0322590       14.381382
       2.0324759       10.220213
       2.0326931       7.8461482
       2.0329101       9.6422642
       2.0331271       21.794420
       2.0333440       55.928301
       2.0335610       115.59870
       2.0337780       176.86299
       2.0339952       198.92133
       2.0342121       165.81686
       2.0344291       104.82872
       2.0346460       53.929639
       2.0348630       26.372761
       2.0350800       14.310377
       2.0352972       8.6743243
       2.0355141       5.8744638
       2.0357311       4.7056673
       2.0359480       4.3102569
       2.0361650       4.1959450
       2.0363820       4.2707296
       2.0365992       4.5221965
       2.0368161       4.8148330
       2.0370331       4.9313983
       2.0372500       4.7424540
       2.0374670       4.3426259
       2.0376840       3.9767601
       2.0379009       3.8280510
       2.0381181       3.9059441
       2.0383351       4.0910899
       2.0385520       4.2550512
       2.0387690       4.3699436
       2.0389860       4.5035152
       2.0392032       4.7183841
       2.0394201       5.0525722
       2.0396371       5.5817081
       2.0398540       6.4962637
       2.0400710       9.1874174
       2.0402880       21.760220
       2.0405049       69.454926
       2.0407221       187.60247
       2.0409391       368.15756
       2.0411561       517.43840
       2.0413730       524.13509
       2.0415900       382.83232
       2.0418069       200.50847
       2.0420241       76.215744
       2.0422411       24.041783
       2.0424581       9.7403899
       2.0426750       6.7981725
       2.0428920       6.0566662
       2.0431089       5.6293173
       2.0433261       5.2128189
       2.0435431       4.8731299
       2.0437601       4.7748891
       2.0439770       4.9703833
       2.0441940       5.2765051
       2.0444109       5.3837077
       2.0446281       5.1629922
       2.0448451       4.8382601
       2.0450621       4.7752905
       2.0452790       5.1448206
       2.0454960       5.7955585
       2.0457129       6.3179123
       2.0459301       6.2906682
       2.0461471       5.6821918
       2.0463641       4.9192840
       2.0465810       4.4432490
       2.0467980       4.3389161
       2.0470150       4.4285160
       2.0472322       4.5613177
       2.0474491       4.7072015
       2.0476661       4.8972687
       2.0478830       5.2993084
       2.0481000       6.2168566
       2.0483170       7.6400324
       2.0485342       8.9236011
       2.0487511       9.6078512
       2.0489681       11.709590
       2.0491850       22.248558
       2.0494020       50.310135
       2.0496190       93.220719
       2.0498362       127.07274
       2.0500531       125.74162
       2.0502701       90.714401
       2.0504870       48.502066
       2.0507040       21.112955
       2.0509210       10.513263
       2.0511379       8.7133228
       2.0513551       9.5594239
       2.0515721       10.472493
       2.0517890       11.058418
       2.0520060       12.058067
       2.0522230       13.584286
       2.0524402       14.354136
       2.0526571       13.405446
       2.0528741       11.609694
       2.0530910       10.600128
       2.0533080       11.025456
       2.0535250       12.542234
       2.0537419       14.664964
       2.0539591       16.576026
       2.0541761       16.886937
       2.0543931       15.197823
       2.0546100       13.360573
       2.0548270       13.813394
       2.0550439       17.127486
       2.0552611       23.602226
       2.0554781       41.833524
       2.0556951       95.739143
       2.0559120       203.85623
       2.0561290       333.10740
       2.0563459       398.91516
       2.0565631       347.79810
       2.0567801       221.21732
       2.0569971       106.19986
       2.0572140       46.769490
       2.0574310       29.609836
       2.0576479       27.590149
       2.0578651       26.965961
       2.0580821       24.870250
       2.0582991       21.150314
       2.0585160       16.157623
       2.0587330       11.306827
       2.0589499       8.1102615
       2.0591671       6.7510826
       2.0593841       6.3497678
       2.0596011       6.0661368
       2.0598180       5.6503092
       2.0600350       5.2545408
       2.0602520       5.0368380
       2.0604692       5.0050139
       2.0606861       5.0881405
       2.0609031       5.2125672
       2.0611200       5.3045556
       2.0613370       5.3176100
       2.0615540       5.2882020
       2.0617712       5.2790024
       2.0619881       5.3129741
       2.0622051       5.4142986
       2.0624220       5.5904855
       2.0626390       5.7500071
       2.0628560       5.7772733
       2.0630732       5.7276061
       2.0632901       5.7841015
       2.0635071       5.9769621
       2.0637240       6.1650639
       2.0639410       6.3242390
       2.0641580       6.6914000
       2.0643749       7.6050883
       2.0645921       9.1659078
       2.0648091       10.912107
       2.0650260       12.004520
       2.0652430       11.933553
       2.0654600       10.982434
       2.0656769       9.9456678
       2.0658941       9.4839497
       2.0661111       9.6659580
       2.0663280       10.003561
       2.0665450       10.198014
       2.0667620       10.706955
       2.0669789       11.886628
       2.0671961       12.889602
       2.0674131       12.452287
       2.0676301       10.573808
       2.0678470       8.4596224
       2.0680640       7.0721548
       2.0682809       6.4743582
       2.0684981       6.3187985
       2.0687151       6.3040957
       2.0689321       6.2803892
       2.0691490       6.3234939
       2.0693660       6.6422453
       2.0695829       7.2059608
       2.0698001       7.5475166
       2.0700171       7.2958962
       2.0702341       6.7279196
       2.0704510       6.3282773
       2.0706680       6.2192300
       2.0708849       6.2803501
       2.0711021       6.4371259
       2.0713191       6.7415689
       2.0715361       7.4133454
       2.0717530       9.7733814
       2.0719700       20.093910
       2.0721869       54.127257
       2.0724041       127.43899
       2.0726211       224.44491
       2.0728381       288.94248
       2.0730550       272.45289
       2.0732720       189.03527
       2.0734890       98.660709
       2.0737062       43.533152
       2.0739231       22.513317
       2.0741401       16.143531
       2.0743570       12.510869
       2.0745740       9.4433788
       2.0747910       7.5844421
       2.0750082       6.7976131
       2.0752251       6.4592077
       2.0754421       6.2827189
       2.0756590       6.2335393
       2.0758760       6.2075856
       2.0760930       6.1009828
       2.0763102       5.9399421
       2.0765271       5.7919129
       2.0767441       5.6626534
       2.0769610       5.5627565
       2.0771780       5.5391950
       2.0773950       5.5868298
       2.0776119       5.6368056
       2.0778291       5.6443608
       2.0780461       5.6276889
       2.0782630       5.6170046
       2.0784800       5.6361209
       2.0786970       5.7249138
       2.0789139       5.8854332
       2.0791311       6.0402931
       2.0793481       6.1929673
       2.0795650       6.7466116
       2.0797820       8.5404890
       2.0799990       12.106240
       2.0802159       16.581219
       2.0804331       19.781899
       2.0806501       19.950667
       2.0808671       17.646030
       2.0810840       15.336691
       2.0813010       14.664209
       2.0815179       14.897115
       2.0817351       14.879035
       2.0819521       15.262951
       2.0821691       17.235671
       2.0823860       20.112992
       2.0826030       21.995048
       2.0828199       21.798943
       2.0830371       19.502333
       2.0832541       15.653660
       2.0834711       11.433673
       2.0836880       8.2534019
       2.0839050       6.6473042
       2.0841219       6.1482976
       2.0843391       6.1870271
       2.0845561       6.6206774
       2.0847731       7.7042223
       2.0849900       10.294888
       2.0852070       17.114418
       2.0854239       33.315362
       2.0856411       60.637873
       2.0858581       88.120731
       2.0860751       97.274163
       2.0862920       81.415826
       2.0865090       53.427004
       2.0867260       31.307091
       2.0869431       21.870551
       2.0871601       20.703148
       2.0873771       21.110390
       2.0875940       19.556587
       2.0878110       16.332389
       2.0880280       13.757129
       2.0882452       13.028387
       2.0884621       12.893080
       2.0886791       11.706585
       2.0888960       9.5890742
       2.0891130       7.8570898
       2.0893300       7.1948424
       2.0895472       7.2550966
       2.0897641       8.1192703
       2.0899811       12.703619
       2.0901980       28.773383
       2.0904150       64.974531
       2.0906320       116.66323
       2.0908489       157.46815
       2.0910661       158.76289
       2.0912831       120.36020
       2.0915000       70.596672
       2.0917170       35.512724
       2.0919340       19.109011
       2.0921512       12.645366
       2.0923681       9.4647871
       2.0925851       7.6508383
       2.0928020       6.8089106
       2.0930190       6.5958832
       2.0932360       6.7975917
       2.0934529       7.2908286
       2.0936701       7.8229781
       2.0938871       8.0179433
       2.0941041       7.7203343
       2.0943210       7.2281312
       2.0945380       6.9579479
       2.0947552       6.9542252
       2.0949721       6.9702537
       2.0951891       6.8895611
       2.0954061       6.7991819
       2.0956230       6.7515106
       2.0958400       6.6913985
       2.0960569       6.5907789
       2.0962741       6.4913908
       2.0964911       6.4254595
       2.0967081       6.3882883
       2.0969250       6.3659438
       2.0971420       6.3565188
       2.0973589       6.3518707
       2.0975761       6.3272774
       2.0977931       6.3004711
       2.0980101       6.3159031
       2.0982270       6.3847178
       2.0984440       6.4845086
       2.0986609       6.5318661
       2.0988781       6.4482244
       2.0990951       6.2796305
       2.0993121       6.1431727
       2.0995290       6.1514129
       2.0997460       6.4978992
       2.0999629       7.4919308
       2.1001801       9.2471476
       2.1003971       11.394040
       2.1006141       13.644591
       2.1008310       16.333939
       2.1010480       19.447960
       2.1012650       21.762312
       2.1014822       22.296082
       2.1016991       21.683368
       2.1019161       21.124389
       2.1021330       21.254070
       2.1023500       22.187262
       2.1025670       23.777168
       2.1027842       26.418332
       2.1030011       30.381127
       2.1032181       33.408634
       2.1034350       31.927386
       2.1036520       25.843719
       2.1038690       19.104430
       2.1040859       14.924933
       2.1043031       13.150994
       2.1045201       12.569953
       2.1047370       13.301400
       2.1049540       15.890744
       2.1051710       19.517415
       2.1053879       23.374137
       2.1056051       29.811666
       2.1058221       42.250774
       2.1060390       58.926324
       2.1062560       73.340988
       2.1064730       81.023889
       2.1066899       80.811259
       2.1069071       72.066008
       2.1071241       56.358852
       2.1073411       39.324131
       2.1075580       26.324434
       2.1077750       18.138670
       2.1079919       13.149804
       2.1082091       10.826324
       2.1084261       11.660481
       2.1086431       15.579061
       2.1088600       21.595574
       2.1090770       29.087242
       2.1092939       37.799349
       2.1095111       45.665249
       2.1097281       50.483667
       2.1099451       55.317336
       2.1101620       65.735138
       2.1103790       79.195954
       2.1105959       84.822077
       2.1108131       79.248517
       2.1110301       75.470761
       2.1112471       85.937278
       2.1114640       101.46239
       2.1116810       99.894441
       2.1118979       74.817602
       2.1121151       42.454378
       2.1123321       20.388522
       2.1125491       11.355867
       2.1127660       9.0719020
       2.1129830       8.5002444
       2.1131999       8.0651454
       2.1134171       7.6952036
       2.1136341       7.4939240
       2.1138511       7.3929416
       2.1140680       7.2743782
       2.1142850       7.1733608
       2.1145020       7.4264672
       2.1147192       9.2109071
       2.1149361       15.191575
       2.1151531       27.550583
       2.1153700       42.839566
       2.1155870       51.415448
       2.1158040       46.477674
       2.1160212       32.087325
       2.1162381       18.488771
       2.1164551       11.587449
       2.1166720       12.153282
       2.1168890       24.015583
       2.1171060       55.693594
       2.1173229       105.42580
       2.1175401       147.69246
       2.1177571       151.51019
       2.1179740       115.32331
       2.1181910       67.815810
       2.1184080       35.105275
       2.1186252       21.261013
       2.1188421       18.438780
       2.1190591       19.816492
       2.1192760       21.278259
       2.1194930       20.381870
       2.1197100       17.355172
       2.1199269       14.616345
       2.1201441       14.018929
       2.1203611       14.989695
       2.1205781       15.752524
       2.1207950       15.693638
       2.1210120       15.606502
       2.1212292       16.137113
       2.1214461       16.987516
       2.1216631       17.313020
       2.1218801       16.400708
       2.1220970       14.573288
       2.1223140       14.131494
       2.1225309       19.683945
       2.1227481       35.238594
       2.1229651       56.939069
       2.1231821       71.246803
       2.1233990       66.747466
       2.1236160       47.254026
       2.1238332       27.742970
       2.1240501       21.121871
       2.1242671       35.567000
       2.1244841       75.084756
       2.1247010       126.64503
       2.1249180       156.78431
       2.1251349       141.20009
       2.1253521       92.797053
       2.1255691       45.968155
       2.1257861       19.874380
       2.1260030       10.722747
       2.1262200       8.5563020
       2.1264369       8.1073934
       2.1266541       8.0137787
       2.1268711       8.3647335
       2.1270881       10.209699
       2.1273050       15.240524
       2.1275220       23.679749
       2.1277390       31.859495
       2.1279562       34.136063
       2.1281731       28.728982
       2.1283901       19.901598
       2.1286070       13.253988
       2.1288240       10.684015
       2.1290410       10.518840
       2.1292582       10.521425
       2.1294751       9.8043272
       2.1296921       8.7551389
       2.1299090       7.9893697
       2.1301260       7.6936461
       2.1303430       7.7674014
       2.1305602       8.2165398
       2.1307771       9.7164094
       2.1309941       14.168266
       2.1312110       23.401483
       2.1314280       36.050168
       2.1316450       47.308443
       2.1318622       54.134547
       2.1320791       59.388507
       2.1322961       66.343830
       2.1325130       70.200311
       2.1327300       62.619385
       2.1329470       44.261780
       2.1331639       25.330872
       2.1333811       13.771680
       2.1335981       9.3260753
       2.1338151       8.2103917
       2.1340320       8.0602920
       2.1342490       8.1652317
       2.1344662       8.4066925
       2.1346831       8.9866331
       2.1349001       10.467606
       2.1351171       13.169689
       2.1353340       16.357935
       2.1355510       18.602580
       2.1357679       18.912673
       2.1359851       17.229629
       2.1362021       14.395416
       2.1364191       11.988458
       2.1366360       11.610393
       2.1368530       13.646838
       2.1370699       16.673963
       2.1372871       18.604252
       2.1375041       18.728850
       2.1377211       18.007881
       2.1379380       17.098402
       2.1381550       15.472441
       2.1383719       12.931772
       2.1385889       10.457706
       2.1388061       8.9826690
       2.1390231       8.4482035
       2.1392400       8.3930122
       2.1394570       8.6437812
       2.1396739       9.0230938
       2.1398911       9.0516258
       2.1401081       8.5775130
       2.1403251       8.0727495
       2.1405420       7.9082745
       2.1407590       8.0085685
       2.1409760       8.2436993
       2.1411929       8.6630244
       2.1414101       9.3878283
       2.1416271       10.395742
       2.1418440       11.379035
       2.1420610       11.897572
       2.1422780       11.715782
       2.1424952       10.992829
       2.1427121       10.204838
       2.1429291       9.7444551
       2.1431460       9.5873941
       2.1433630       9.5521953
       2.1435800       9.6807708
       2.1437969       9.9636069
       2.1440141       10.036042
       2.1442311       9.6200195
       2.1444480       8.9717922
       2.1446650       8.4976295
       2.1448820       8.2342564
       2.1450992       8.0458261
       2.1453161       7.9333494
       2.1455331       7.9252824
       2.1457500       7.9886445
       2.1459670       8.0888686
       2.1461840       8.1961147
       2.1464009       8.2739654
       2.1466181       8.2972693
       2.1468351       8.2628088
       2.1470520       8.2061039
       2.1472690       8.1815031
       2.1474860       8.2138377
       2.1477032       8.3026292
       2.1479201       8.4273020
       2.1481371       8.5713787
       2.1483541       8.7483421
       2.1485710       8.9503291
       2.1487880       9.1414008
       2.1490049       9.3738969
       2.1492221       9.8994895
       2.1494391       11.466364
       2.1496561       17.741677
       2.1498730       42.213082
       2.1500900       110.02890
       2.1503072       230.88366
       2.1505241       357.40888
       2.1507411       405.03273
       2.1509581       337.52567
       2.1511750       208.92060
       2.1513920       100.08053
       2.1516089       43.099680
       2.1518261       23.340633
       2.1520431       19.349924
       2.1522601       20.395664
       2.1524770       23.692839
       2.1526940       29.548021
       2.1529109       40.828782
       2.1531281       64.550664
       2.1533451       104.15830
       2.1535621       144.64713
       2.1537790       158.26232
       2.1539960       134.68852
       2.1542130       93.859051
       2.1544302       61.606778
       2.1546471       44.571324
       2.1548641       34.749587
       2.1550810       25.964327
       2.1552980       18.127815
       2.1555150       12.890064
       2.1557322       10.488406
       2.1559491       10.006311
       2.1561661       10.723079
       2.1563830       12.288642
       2.1566000       14.133795
       2.1568170       15.655549
       2.1570342       16.886245
       2.1572511       19.458512
       2.1574681       27.128744
       2.1576850       41.576049
       2.1579020       56.225250
       2.1581190       60.168267
       2.1583362       50.270515
       2.1585531       34.447053
       2.1587701       22.097606
       2.1589870       16.135502
       2.1592040       14.462118
       2.1594210       14.520622
       2.1596379       14.747168
       2.1598551       14.243162
       2.1600721       12.925338
       2.1602890       11.509797
       2.1605060       10.841312
       2.1607230       11.276640
       2.1609402       12.471403
       2.1611571       13.388788
       2.1613741       12.997029
       2.1615911       11.636431
       2.1618080       10.733958
       2.1620250       10.780190
       2.1622419       11.018667
       2.1624591       11.066704
       2.1626761       12.145108
       2.1628931       16.298976
       2.1631100       22.973922
       2.1633270       28.143942
       2.1635439       29.480714
       2.1637611       28.008844
       2.1639781       24.487677
       2.1641951       19.310760
       2.1644120       14.205488
       2.1646290       10.958247
       2.1648459       9.8017924
       2.1650629       10.102879
       2.1652801       11.426985
       2.1654971       13.255658
       2.1657140       14.722096
       2.1659310       15.227518
       2.1661479       14.807122
       2.1663651       13.774157
       2.1665821       12.623827
       2.1667991       12.194796
       2.1670160       13.046797
       2.1672330       14.512318
       2.1674500       15.242665
       2.1676669       14.896589
       2.1678841       14.432869
       2.1681011       14.455703
       2.1683180       14.330169
       2.1685350       13.426743
       2.1687520       12.133863
       2.1689692       11.123498
       2.1691861       10.499717
       2.1694031       10.081327
       2.1696200       9.9610567
       2.1698370       10.538620
       2.1700540       12.643060
       2.1702709       18.715122
       2.1704881       33.544803
       2.1707051       59.123357
       2.1709220       85.725658
       2.1711390       94.958485
       2.1713560       78.791055
       2.1715732       49.565923
       2.1717901       25.751534
       2.1720071       14.137879
       2.1722240       10.581231
       2.1724410       9.8765590
       2.1726580       9.8060391
       2.1728749       9.8605226
       2.1730921       9.9388499
       2.1733091       10.008195
       2.1735260       10.068379
       2.1737430       10.122023
       2.1739600       10.171339
       2.1741772       10.221239
       2.1743941       10.228197
       2.1746111       10.162682
       2.1748281       10.092027
       2.1750450       10.176348
       2.1752620       10.860846
       2.1754789       12.961162
       2.1756961       16.852897
       2.1759131       21.294703
       2.1761301       23.762675
       2.1763470       22.557932
       2.1765640       18.544309
       2.1767812       14.311736
       2.1769981       11.743787
       2.1772151       10.860812
       2.1774321       10.771009
       2.1776490       10.816047
       2.1778660       10.857830
       2.1780829       11.179681
       2.1783001       12.465926
       2.1785171       15.559273
       2.1787341       20.618343
       2.1789510       26.601423
       2.1791680       33.631191
       2.1793852       49.614302
       2.1796021       93.112232
       2.1798191       174.20110
       2.1800361       261.66316
       2.1802530       293.02339
       2.1804700       240.20726
       2.1806870       144.13618
       2.1809042       65.734718
       2.1811211       27.539955
       2.1813381       15.651034
       2.1815550       12.928456
       2.1817720       12.177090
       2.1819890       11.893672
       2.1822062       11.860347
       2.1824231       11.958670
       2.1826401       12.032374
       2.1828570       12.031154
       2.1830740       12.091281
       2.1832910       12.332433
       2.1835082       12.683953
       2.1837251       12.981526
       2.1839421       13.180410
       2.1841590       13.373338
       2.1843760       13.601703
       2.1845930       13.756061
       2.1848102       13.691778
       2.1850271       13.382755
       2.1852441       12.962498
       2.1854610       12.662219
       2.1856780       12.671228
       2.1858950       12.990418
       2.1861119       13.559746
       2.1863291       15.467157
       2.1865461       23.780659
       2.1867630       47.458282
       2.1869800       88.133853
       2.1871970       126.92266
       2.1874142       135.58666
       2.1876311       107.39987
       2.1878481       65.216112
       2.1880651       34.430148
       2.1882820       20.812195
       2.1884990       16.962527
       2.1887159       16.645184
       2.1889331       17.679399
       2.1891501       18.647925
       2.1893671       18.184673
       2.1895840       16.347109
       2.1898010       14.547207
       2.1900179       13.884571
       2.1902351       14.179770
       2.1904521       14.483906
       2.1906691       14.111730
       2.1908860       13.192621
       2.1911030       12.332839
       2.1913199       11.905945
       2.1915371       11.819228
       2.1917541       11.814828
       2.1919711       11.785662
       2.1921880       11.850639
       2.1924050       12.191895
       2.1926219       12.723544
       2.1928391       13.046604
       2.1930561       12.953365
       2.1932731       12.722305
       2.1934900       12.690204
       2.1937070       12.899299
       2.1939240       13.286581
       2.1941409       13.979533
       2.1943581       15.907201
       2.1945751       24.042975
       2.1947920       54.603220
       2.1950090       131.31919
       2.1952260       250.65802
       2.1954432       351.80294
       2.1956601       359.10835
       2.1958771       266.68573
       2.1960940       145.18942
       2.1963110       61.668824
       2.1965280       26.374339
       2.1967449       16.694405
       2.1969621       14.663807
       2.1971791       14.445830
       2.1973960       15.279075
       2.1976130       17.014573
       2.1978300       18.937474
       2.1980472       20.136229
       2.1982641       20.494393
       2.1984811       20.654651
       2.1986980       21.000208
       2.1989150       21.544347
       2.1991320       22.467990
       2.1993489       23.682233
       2.1995661       24.315472
       2.1997831       23.730343
       2.2000000       22.540575
       2.2002170       21.572533
       2.2004340       20.682660
       2.2006512       19.572022
       2.2008681       18.615942
       2.2010851       18.077035
       2.2013021       17.572284
       2.2015190       16.790138
       2.2017360       16.055662
       2.2019529       16.082292
       2.2021701       17.506868
       2.2023871       20.349547
       2.2026041       23.589910
       2.2028210       25.475459
       2.2030380       24.839534
       2.2032552       22.298325
       2.2034721       19.660790
       2.2036891       18.079744
       2.2039061       17.455595
       2.2041230       17.841517
       2.2043400       22.154789
       2.2045569       38.281766
       2.2047741       73.418929
       2.2049911       118.55747
       2.2052081       146.13984
       2.2054250       135.47040
       2.2056420       96.756198
       2.2058592       58.355442
       2.2060761       36.160659
       2.2062931       26.701913
       2.2065101       22.272537
       2.2067270       19.518881
       2.2069440       17.681849
       2.2071609       16.445795
       2.2073781       15.666244
       2.2075951       15.202152
       2.2078121       14.886798
       2.2080290       14.673080
       2.2082460       14.551210
       2.2084630       14.461409
       2.2086802       14.362178
       2.2088971       14.287897
       2.2091141       14.278298
       2.2093310       14.302529
       2.2095480       14.317451
       2.2097650       14.355104
       2.2099822       14.504989
       2.2101991       14.823329
       2.2104161       15.293498
       2.2106330       15.815971
       2.2108500       16.233419
       2.2110670       16.566835
       2.2112842       17.442133
       2.2115011       21.844149
       2.2117181       40.423303
       2.2119350       92.893453
       2.2121520       186.02687
       2.2123690       281.35633
       2.2125859       312.75186
       2.2128031       255.30562
       2.2130201       154.50178
       2.2132370       72.926454
       2.2134540       32.852035
       2.2136710       20.070501
       2.2138879       17.032218
       2.2141051       16.276189
       2.2143221       16.169622
       2.2145391       16.319163
       2.2147560       16.462074
       2.2149730       16.478151
       2.2151899       16.399578
       2.2154071       16.315404
       2.2156241       16.292009
       2.2158411       16.361259
       2.2160580       16.459991
       2.2162750       16.489722
       2.2164919       16.490788
       2.2167091       16.507228
       2.2169261       16.408060
       2.2171431       16.150824
       2.2173600       15.945919
       2.2175770       15.948229
       2.2177939       16.109957
       2.2180111       16.343794
       2.2182281       16.545186
       2.2184451       16.586078
       2.2186620       16.484094
       2.2188790       16.400336
       2.2190959       16.393775
       2.2193131       16.398912
       2.2195301       16.388925
       2.2197471       16.395049
       2.2199640       16.429867
       2.2201810       16.418569
       2.2203979       16.254883
       2.2206149       15.986543
       2.2208321       15.823754
       2.2210491       15.942691
       2.2212660       16.350113
       2.2214830       16.905638
       2.2217000       17.400804
       2.2219172       17.622670
       2.2221341       17.557620
       2.2223511       17.473597
       2.2225680       17.555899
       2.2227850       17.677446
       2.2230020       17.639054
       2.2232189       17.435666
       2.2234361       17.306113
       2.2236531       17.828561
       2.2238700       20.933385
       2.2240870       31.540177
       2.2243040       54.381924
       2.2245212       83.879743
       2.2247381       101.67316
       2.2249551       93.734848
       2.2251720       66.613774
       2.2253890       39.540695
       2.2256060       24.205132
       2.2258229       19.118639
       2.2260401       18.641070
       2.2262571       19.405490
       2.2264740       20.098340
       2.2266910       20.388444
       2.2269080       20.671322
       2.2271252       21.350225
       2.2273421       22.010316
       2.2275591       21.786952
       2.2277761       20.552543
       2.2279930       19.193435
       2.2282100       18.630333
       2.2284269       19.008357
       2.2286441       19.800668
       2.2288611       20.273427
       2.2290781       19.995331
       2.2292950       19.177196
       2.2295120       18.426142
       2.2297292       18.173950
       2.2299461       18.576378
       2.2301631       20.662460
       2.2303801       29.524426
       2.2305970       56.412083
       2.2308140       109.30692
       2.2310309       173.08593
       2.2312481       209.15279
       2.2314651       190.66956
       2.2316821       132.88941
       2.2318990       75.170129
       2.2321160       41.223363
       2.2323332       28.094671
       2.2325501       24.175356
       2.2327671       22.957598
       2.2329841       23.016380
       2.2332010       24.602247
       2.2334180       27.808894
       2.2336349       31.429628
       2.2338521       33.631045
       2.2340691       34.174177
       2.2342861       34.304384
       2.2345030       34.035399
       2.2347200       31.861873
       2.2349372       27.540943
       2.2351542       22.942266
       2.2353711       19.797875
       2.2355881       18.340340
       2.2358050       17.960081
       2.2360220       18.023455
       2.2362390       18.099767
       2.2364559       18.046779
       2.2366731       17.997138
       2.2368901       18.138203
       2.2371070       18.467720
       2.2373240       18.794806
       2.2375410       18.944288
       2.2377582       18.936133
       2.2379751       19.113599
       2.2381921       19.940059
       2.2384090       21.121344
       2.2386260       21.426322
       2.2388430       20.376648
       2.2390599       18.991900
       2.2392771       18.180082
       2.2394941       17.934157
       2.2397110       18.027379
       2.2399280       18.332771
       2.2401450       18.671881
       2.2403622       18.847803
       2.2405791       18.867878
       2.2407961       19.049922
       2.2410131       19.718931
       2.2412300       20.753300
       2.2414470       21.608461
       2.2416639       21.896540
       2.2418811       21.794607
       2.2420981       21.780062
       2.2423151       22.192552
       2.2425320       23.095755
       2.2427490       24.111904
       2.2429659       24.404558
       2.2431831       23.506698
       2.2434001       22.121293
       2.2436171       21.375870
       2.2438340       21.444279
       2.2440510       21.502526
       2.2442679       20.910834
       2.2444851       19.914769
       2.2447021       19.161820
       2.2449191       19.165725
       2.2451360       20.992757
       2.2453530       27.262718
       2.2455699       40.189171
       2.2457871       56.231025
       2.2460041       65.299567
       2.2462211       60.257885
       2.2464380       45.333983
       2.2466550       31.089758
       2.2468719       23.310101
       2.2470891       20.647355
       2.2473061       19.954811
       2.2475231       19.609548
       2.2477400       19.199539
       2.2479570       18.777361
       2.2481740       18.561747
       2.2483912       18.639251
       2.2486081       18.828684
       2.2488251       18.915053
       2.2490420       18.901502
       2.2492590       18.915447
       2.2494760       19.016511
       2.2496929       19.179200
       2.2499101       19.346238
       2.2501271       19.478658
       2.2503440       19.616574
       2.2505610       20.105246
       2.2507780       22.437930
       2.2509952       30.620595
       2.2512121       49.965425
       2.2514291       79.744019
       2.2516460       106.42742
       2.2518630       111.93297
       2.2520800       92.172010
       2.2522969       61.510676
       2.2525141       37.161081
       2.2527311       24.999058
       2.2529480       21.057537
       2.2531650       20.755112
       2.2533820       23.701142
       2.2535992       31.424873
       2.2538161       39.834373
       2.2540331       40.475209
       2.2542500       33.270761
       2.2544670       26.134145
       2.2546840       22.606407
       2.2549009       21.047686
       2.2551181       20.270415
       2.2553351       20.078663
       2.2555521       20.158723
       2.2557690       20.213638
       2.2559860       20.283005
       2.2562032       20.940037
       2.2564201       22.835684
       2.2566371       25.150869
       2.2568541       25.612699
       2.2570710       23.672203
       2.2572880       21.355799
       2.2575049       20.159351
       2.2577221       19.855136
       2.2579391       19.805049
       2.2581561       19.757648
       2.2583730       19.711504
       2.2585900       19.666224
       2.2588072       19.625179
       2.2590241       19.638177
       2.2592411       19.745805
       2.2594581       19.896350
       2.2596750       19.966584
       2.2598920       19.938709
       2.2601089       19.923822
       2.2603261       19.973795
       2.2605431       20.081829
       2.2607601       20.330972
       2.2609770       20.889055
       2.2611940       21.977378
       2.2614110       23.752477
       2.2616282       25.933256
       2.2618451       27.712389
       2.2620621       28.314596
       2.2622790       27.484166
       2.2624960       25.542277
       2.2627130       23.231236
       2.2629299       21.408757
       2.2631471       20.621765
       2.2633641       20.930095
       2.2635810       22.119718
       2.2637980       23.908006
       2.2640150       25.816450
       2.2642322       27.180301
       2.2644491       27.709904
       2.2646661       27.699357
       2.2648830       27.242583
       2.2651000       25.966827
       2.2653170       23.904476
       2.2655339       21.859740
       2.2657511       20.582411
       2.2659681       20.113318
       2.2661850       20.053317
       2.2664020       20.167034
       2.2666190       20.554155
       2.2668362       21.222147
       2.2670531       21.809105
       2.2672701       22.031647
       2.2674870       22.182391
       2.2677040       22.838428
       2.2679210       24.188874
       2.2681379       26.304307
       2.2683551       30.025113
       2.2685721       36.211208
       2.2687891       43.251724
       2.2690060       46.844449
       2.2692230       44.276648
       2.2694399       37.699577
       2.2696571       31.591217
       2.2698741       28.286896
       2.2700911       26.973648
       2.2703080       25.912754
       2.2705250       24.434179
       2.2707419       23.133091
       2.2709591       22.806169
       2.2711761       23.436354
       2.2713931       24.123276
       2.2716100       24.029792
       2.2718270       23.243428
       2.2720439       22.452987
       2.2722611       22.073426
       2.2724781       21.961129
       2.2726951       21.775001
       2.2729120       21.527984
       2.2731290       22.015362
       2.2733459       25.006338
       2.2735631       32.554588
       2.2737801       44.490683
       2.2739971       56.243770
       2.2742140       60.944367
       2.2744310       55.372894
       2.2746480       43.328657
       2.2748652       32.028884
       2.2750821       25.783227
       2.2752991       24.028584
       2.2755160       24.186473
       2.2757330       24.302942
       2.2759500       23.817376
       2.2761669       23.124481
       2.2763841       22.638396
       2.2766011       22.389830
       2.2768180       22.314629
       2.2770350       22.360724
       2.2772520       22.327974
       2.2774692       22.013934
       2.2776861       21.523993
       2.2779031       21.187290
       2.2781200       21.156886
       2.2783370       21.261901
       2.2785540       21.250040
       2.2787709       21.067384
       2.2789881       20.869557
       2.2792051       20.803128
       2.2794220       20.846637
       2.2796390       20.909594
       2.2798560       21.050623
       2.2800732       21.436732
       2.2802901       22.064227
       2.2805071       22.675427
       2.2807240       22.957480
       2.2809410       22.851189
       2.2811580       22.624141
       2.2813749       22.446459
       2.2815921       22.160997
       2.2818091       21.739283
       2.2820261       21.505977
       2.2822430       21.735167
       2.2824600       22.374632
       2.2826772       23.097561
       2.2828941       23.410002
       2.2831111       23.055467
       2.2833281       22.430366
       2.2835450       22.157688
       2.2837620       22.314623
       2.2839789       22.470630
       2.2841961       22.271719
       2.2844131       21.757465
       2.2846301       21.311288
       2.2848470       21.352724
       2.2850640       21.895634
       2.2852812       22.476473
       2.2854981       22.652755
       2.2857151       22.438558
       2.2859321       22.146367
       2.2861490       22.033443
       2.2863660       22.185434
       2.2865829       22.502927
       2.2868001       22.764573
       2.2870171       22.849817
       2.2872341       22.851914
       2.2874510       22.875030
       2.2876680       22.868271
       2.2878850       22.803499
       2.2881021       22.732062
       2.2883191       22.595746
       2.2885361       22.381813
       2.2887530       22.360442
       2.2889700       22.808460
       2.2891870       23.648013
       2.2894039       24.515833
       2.2896211       25.077889
       2.2898381       25.163003
       2.2900550       24.710811
       2.2902720       23.856421
       2.2904890       22.996985
       2.2907062       22.495388
       2.2909231       22.405921
       2.2911401       22.570203
       2.2913570       22.791117
       2.2915740       22.956536
       2.2917910       23.141557
       2.2920079       23.439703
       2.2922251       23.711739
       2.2924421       23.707380
       2.2926590       23.415593
       2.2928760       23.188449
       2.2930930       23.663469
       2.2933102       25.600395
       2.2935271       29.182757
       2.2937441       33.048627
       2.2939610       34.871300
       2.2941780       33.767217
       2.2943950       31.288419
       2.2946119       29.454772
       2.2948291       28.814931
       2.2950461       28.732894
       2.2952631       28.485734
       2.2954800       27.767133
       2.2956970       26.728794
       2.2959142       25.823589
       2.2961311       25.537403
       2.2963481       26.001798
       2.2965651       26.711385
       2.2967820       26.901655
       2.2969990       26.449493
       2.2972159       26.035319
       2.2974331       26.290124
       2.2976501       27.452835
       2.2978671       29.893162
       2.2980840       33.879829
       2.2983010       38.675150
       2.2985182       42.505156
       2.2987351       43.216743
       2.2989521       39.676103
       2.2991691       33.531469
       2.2993860       28.207416
       2.2996030       25.531140
       2.2998199       25.025606
       2.3000371       25.519327
       2.3002541       25.919742
       2.3004711       25.632385
       2.3006880       24.869956
       2.3009050       24.109997
       2.3011222       23.553827
       2.3013391       23.213536
       2.3015561       23.069549
       2.3017731       23.057159
       2.3019900       23.111842
       2.3022070       23.252061
       2.3024240       23.454566
       2.3026412       23.573036
       2.3028581       23.573690
       2.3030751       23.670503
       2.3032920       23.998418
       2.3035090       24.319040
       2.3037262       24.385387
       2.3039432       24.400181
       2.3041601       24.640676
       2.3043771       24.911748
       2.3045940       24.854703
       2.3048110       24.488261
       2.3050280       24.145603
       2.3052452       24.064549
       2.3054621       24.111182
       2.3056791       24.001394
       2.3058960       23.759845
       2.3061130       23.609064
       2.3063300       23.559955
       2.3065472       23.498661
       2.3067641       23.492424
       2.3069811       23.795229
       2.3071980       24.583087
       2.3074150       25.608548
       2.3076320       26.238634
       2.3078492       26.083006
       2.3080661       25.494197
       2.3082831       25.206902
       2.3085001       25.552416
       2.3087170       26.243244
       2.3089340       26.736999
       2.3091512       26.633015
       2.3093681       25.979097
       2.3095851       25.297539
       2.3098021       25.197753
       2.3100190       25.844345
       2.3102360       26.678711
       2.3104529       26.850995
       2.3106701       26.206721
       2.3108871       25.498671
       2.3111041       25.352285
       2.3113210       25.591386
       2.3115380       25.716810
       2.3117549       25.510052
       2.3119721       25.121168
       2.3121891       24.826234
       2.3124061       24.706636
       2.3126230       24.684097
       2.3128400       24.757622
       2.3130569       24.864142
       2.3132741       24.795845
       2.3134911       24.531083
       2.3137081       24.300275
       2.3139250       24.280406
       2.3141420       24.453471
       2.3143589       24.677550
       2.3145761       24.816819
       2.3147931       24.827274
       2.3150101       24.758512
       2.3152270       24.763059
       2.3154440       25.070846
       2.3156610       25.796731
       2.3158782       26.824349
       2.3160951       28.031086
       2.3163121       29.466431
       2.3165290       31.136549
       2.3167460       32.712366
       2.3169630       33.580815
       2.3171802       33.412241
       2.3173971       32.559623
       2.3176141       31.658966
       2.3178310       31.043153
       2.3180480       30.652728
       2.3182650       30.296753
       2.3184819       29.837695
       2.3186991       29.227632
       2.3189161       28.564746
       2.3191330       28.116022
       2.3193500       28.097908
       2.3195670       28.361763
       2.3197839       28.608157
       2.3200011       29.019405
       2.3202181       30.205763
       2.3204350       32.295245
       2.3206520       34.425196
       2.3208690       35.326984
       2.3210859       34.379466
       2.3213031       32.402894
       2.3215201       31.120521
       2.3217371       31.149489
       2.3219540       31.479779
       2.3221710       31.217816
       2.3223879       30.628045
       2.3226051       30.300683
       2.3228221       30.263341
       2.3230391       30.119339
       2.3232560       29.616311
       2.3234730       28.889916
       2.3236899       28.299557
       2.3239069       28.237795
       2.3241241       29.048826
       2.3243411       30.803967
       2.3245580       33.114608
       2.3247750       35.259138
       2.3249919       36.358184
       2.3252091       35.701655
       2.3254261       33.453342
       2.3256431       30.784668
       2.3258600       28.944136
       2.3260770       28.325486
       2.3262939       28.446073
       2.3265109       28.611585
       2.3267281       28.507335
       2.3269451       28.238153
       2.3271620       27.990760
       2.3273790       27.840535
       2.3275959       27.856948
       2.3278131       28.173796
       2.3280301       28.877978
       2.3282471       29.831398
       2.3284640       30.611584
       2.3286810       30.841012
       2.3288980       30.550903
       2.3291149       30.142889
       2.3293321       30.044367
       2.3295491       30.239046
       2.3297660       30.318650
       2.3299830       30.067371
       2.3302000       29.612002
       2.3304172       29.193344
       2.3306341       29.121117
       2.3308511       29.656544
       2.3310680       30.705995
       2.3312850       31.786804
       2.3315020       32.456657
       2.3317189       32.645270
       2.3319361       32.543840
       2.3321531       32.361916
       2.3323700       32.065241
       2.3325870       31.414966
       2.3328040       30.450043
       2.3330212       29.574358
       2.3332381       29.059130
       2.3334551       28.847274
       2.3336720       28.875573
       2.3338890       29.087694
       2.3341060       29.420053
       2.3343229       30.080164
       2.3345401       31.109790
       2.3347571       31.951550
       2.3349741       32.091848
       2.3351910       31.521334
       2.3354080       30.530879
       2.3356252       29.515427
       2.3358421       28.946044
       2.3360591       29.031346
       2.3362761       29.320705
       2.3364930       29.373024
       2.3367100       29.375863
       2.3369269       29.496512
       2.3371441       29.642955
       2.3373611       29.954684
       2.3375781       30.735972
       2.3377950       31.949021
       2.3380120       33.118029
       2.3382292       33.870496
       2.3384461       34.323051
       2.3386631       34.633000
       2.3388801       34.574220
       2.3390970       34.116791
       2.3393140       33.822191
       2.3395309       34.230774
       2.3397481       35.461993
       2.3399651       37.211011
       2.3401821       38.602850
       2.3403990       38.772709
       2.3406160       37.981175
       2.3408329       37.268852
       2.3410501       37.098977
       2.3412671       37.341560
       2.3414841       38.182531
       2.3417010       39.642115
       2.3419180       40.535338
       2.3421350       39.525698
       2.3423519       36.971152
       2.3425691       34.538142
       2.3427861       33.361199
       2.3430030       33.324829
       2.3432200       33.734781
       2.3434370       33.960469
       2.3436542       33.692090
       2.3438711       33.063324
       2.3440881       32.567942
       2.3443050       32.843329
       2.3445220       34.310143
       2.3447390       36.484610
       2.3449559       37.972376
       2.3451731       37.837708
       2.3453901       36.604780
       2.3456070       35.451452
       2.3458240       34.994787
       2.3460410       35.133386
       2.3462582       35.441233
       2.3464751       35.631587
       2.3466921       35.873285
       2.3469090       36.636214
       2.3471260       38.161588
       2.3473430       39.720515
       2.3475599       40.034129
       2.3477771       39.052043
       2.3479941       37.891596
       2.3482111       37.019078
       2.3484280       36.196227
       2.3486450       35.569003
       2.3488622       35.893654
       2.3490791       37.899301
       2.3492961       41.399831
       2.3495131       44.872151
       2.3497300       46.326338
       2.3499470       45.339120
       2.3501639       43.724978
       2.3503811       43.297306
       2.3505981       43.832734
       2.3508151       44.218736
       2.3510320       44.474846
       2.3512490       45.531477
       2.3514662       47.602435
       2.3516831       49.846225
       2.3519001       51.952914
       2.3521171       54.482439
       2.3523340       56.671159
       2.3525510       56.292091
       2.3527679       52.907207
       2.3529851       48.795239
       2.3532021       45.851801
       2.3534191       43.764715
       2.3536360       41.821186
       2.3538530       40.203383
       2.3540702       39.151495
       2.3542871       38.446389
       2.3545041       37.782526
       2.3547211       37.170182
       2.3549380       36.913500
       2.3551550       37.238917
       2.3553720       38.198328
       2.3555892       39.718740
       2.3558061       41.307095
       2.3560231       42.155327
       2.3562400       41.995535
       2.3564570       41.344574
       2.3566742       40.809543
       2.3568912       40.635109
       2.3571081       40.670081
       2.3573251       40.665229
       2.3575420       40.736357
       2.3577590       41.326052
       2.3579760       42.737356
       2.3581932       44.812751
       2.3584101       46.788173
       2.3586271       47.580189
       2.3588440       46.558653
       2.3590610       43.928829
       2.3592782       40.595807
       2.3594952       37.902243
       2.3597121       36.608878
       2.3599291       36.245140
       2.3601460       35.987345
       2.3603630       35.495429
       2.3605800       34.684195
       2.3607972       33.720812
       2.3610141       33.510733
       2.3612311       34.945812
       2.3614480       37.352448
       2.3616650       38.962616
       2.3618820       38.934243
       2.3620992       37.861472
       2.3623161       36.767888
       2.3625331       36.658199
       2.3627501       38.736667
       2.3629670       43.342608
       2.3631840       48.022538
       2.3634009       49.484915
       2.3636181       48.330827
       2.3638351       47.391770
       2.3640521       46.666751
       2.3642690       44.728784
       2.3644860       41.898722
       2.3647032       39.417388
       2.3649201       37.922968
       2.3651371       37.351182
       2.3653541       37.276708
       2.3655710       37.355937
       2.3657880       37.637782
       2.3660049       38.209770
       2.3662221       38.923974
       2.3664391       39.929638
       2.3666561       42.089603
       2.3668730       45.933732
       2.3670900       50.203889
       2.3673069       52.436631
       2.3675241       51.256128
       2.3677411       47.671617
       2.3679581       44.167087
       2.3681750       42.808171
       2.3683920       44.063538
       2.3686090       46.910520
       2.3688262       49.311319
       2.3690431       49.319640
       2.3692601       47.212060
       2.3694770       45.493659
       2.3696940       46.294537
       2.3699110       50.103920
       2.3701282       56.213175
       2.3703451       62.684641
       2.3705621       67.282088
       2.3707790       69.721248
       2.3709960       71.507154
       2.3712130       72.833629
       2.3714302       71.669713
       2.3716471       66.796518
       2.3718641       59.870902
       2.3720810       53.547950
       2.3722980       49.330854
       2.3725150       47.414633
       2.3727319       46.958728
       2.3729491       46.827982
       2.3731661       46.533486
       2.3733830       46.088024
       2.3736000       45.419723
       2.3738170       44.397051
       2.3740339       43.291786
       2.3742511       42.592426
       2.3744681       42.443837
       2.3746850       42.807660
       2.3749020       43.541679
       2.3751190       44.121169
       2.3753359       44.236176
       2.3755531       44.610268
       2.3757701       46.483261
       2.3759871       50.351579
       2.3762040       55.436837
       2.3764210       59.913090
       2.3766379       61.597853
       2.3768551       59.717646
       2.3770721       56.204305
       2.3772891       54.403508
       2.3775060       57.132986
       2.3777230       65.186257
       2.3779399       75.650624
       2.3781571       82.260466
       2.3783741       79.961953
       2.3785911       70.002533
       2.3788080       58.997017
       2.3790250       52.567862
       2.3792419       51.279558
       2.3794591       52.383339
       2.3796761       53.370219
       2.3798931       53.477073
       2.3801100       53.239225
       2.3803270       53.406771
       2.3805439       53.580235
       2.3807611       52.355148
       2.3809781       49.354454
       2.3811951       46.086132
       2.3814120       44.209832
       2.3816290       43.970372
       2.3818460       44.751448
       2.3820629       46.018170
       2.3822801       47.704551
       2.3824971       50.282453
       2.3827140       54.637754
       2.3829310       61.317033
       2.3831480       69.464009
       2.3833649       77.433767
       2.3835821       84.255613
       2.3837991       89.030506
       2.3840160       89.553356
       2.3842330       83.759364
       2.3844500       73.083028
       2.3846669       62.162889
       2.3848841       54.715847
       2.3851011       51.763513
       2.3853180       53.523410
       2.3855350       59.934444
       2.3857520       68.290508
       2.3859689       73.214569
       2.3861861       71.204780
       2.3864031       64.132592
       2.3866200       56.621336
       2.3868370       51.479880
       2.3870540       49.171126
       2.3872709       49.675079
       2.3874881       53.500524
       2.3877051       61.092016
       2.3879220       70.064612
       2.3881390       74.427693
       2.3883560       70.189273
       2.3885729       60.290375
       2.3887901       50.948840
       2.3890071       44.728618
       2.3892241       38.625220
       2.3894410       28.489351
       2.3896580       15.578388
       2.3898749       5.7359515
       2.3900921       1.3843204
       2.3903091      0.24895256
       2.3905261     0.044216413
       2.3907430    0.0075176368
       2.3909600   0.00087558680
       2.3911769   5.0763156e-05
       2.3913941       0.0000000
       2.3916111       0.0000000
       2.3918281       0.0000000
       2.3920450       0.0000000
       2.3922620       0.0000000
       2.3924789       0.0000000
       2.3926961       0.0000000
       2.3929131       0.0000000
       2.3931301       0.0000000
       2.3933470       0.0000000
       2.3935640       0.0000000
       2.3937809       0.0000000
       2.3939981       0.0000000
       2.3942151       0.0000000
       2.3944321       0.0000000
       2.3946490       0.0000000
       2.3948660       0.0000000
       2.3950830       0.0000000
       2.3953001       0.0000000
       2.3955171       0.0000000
       2.3957341       0.0000000
       2.3959510       0.0000000
       2.3961680       0.0000000
       2.3963850       0.0000000
       2.3966022       0.0000000
       2.3968191       0.0000000
       2.3970361       0.0000000
       2.3972530       0.0000000
       2.3974700       0.0000000
       2.3976870       0.0000000
       2.3979042       0.0000000
       2.3981211       0.0000000
       2.3983381       0.0000000
       2.3985550       0.0000000
       2.3987720       0.0000000
       2.3989890       0.0000000
       2.3992062       0.0000000
       2.3994231       0.0000000
       2.3996401       0.0000000
       2.3998570       0.0000000
       2.4000740       0.0000000
       2.4002910       0.0000000
       2.4005082       0.0000000
       2.4007251       0.0000000
       2.4009421       0.0000000
       2.4011590       0.0000000
       2.4013760       0.0000000
       2.4015930       0.0000000
       2.4018102       0.0000000
       2.4020271       0.0000000
       2.4022441       0.0000000
       2.4024611       0.0000000
       2.4026780       0.0000000
       2.4028950       0.0000000
       2.4031119       0.0000000
       2.4033291       0.0000000
       2.4035461       0.0000000
       2.4037631       0.0000000
       2.4039800       0.0000000
       2.4041970       0.0000000
       2.4044139       0.0000000
       2.4046311       0.0000000
       2.4048481       0.0000000
       2.4050651       0.0000000
       2.4052820       0.0000000
       2.4054990       0.0000000
       2.4057159       0.0000000
       2.4059331       0.0000000
       2.4061501       0.0000000
       2.4063671       0.0000000
       2.4065840       0.0000000
       2.4068010       0.0000000
       2.4070179       0.0000000
       2.4072351       0.0000000
       2.4074521       0.0000000
       2.4076691       0.0000000
       2.4078860       0.0000000
       2.4081030       0.0000000
       2.4083200       0.0000000
       2.4085371       0.0000000
       2.4087541       0.0000000
       2.4089711       0.0000000
       2.4091880       0.0000000
       2.4094050       0.0000000
       2.4096220       0.0000000
       2.4098392       0.0000000
       2.4100561       0.0000000
       2.4102731       0.0000000
       2.4104900       0.0000000
       2.4107070       0.0000000
       2.4109240       0.0000000
       2.4111412       0.0000000
       2.4113581       0.0000000
       2.4115751       0.0000000
       2.4117920       0.0000000
       2.4120090       0.0000000
       2.4122260       0.0000000
       2.4124432       0.0000000
       2.4126601       0.0000000
       2.4128771       0.0000000
       2.4130940       0.0000000
       2.4133110       0.0000000
       2.4135280       0.0000000
       2.4137452       0.0000000
       2.4139621       0.0000000
       2.4141791       0.0000000
       2.4143960       0.0000000
       2.4146130       0.0000000
       2.4148300       0.0000000
       2.4150472       0.0000000
       2.4152641       0.0000000
       2.4154811       0.0000000
       2.4156981       0.0000000
       2.4159150       0.0000000
       2.4161320       0.0000000
       2.4163492       0.0000000
       2.4165661       0.0000000
       2.4167831       0.0000000
       2.4170001       0.0000000
       2.4172170       0.0000000
       2.4174340       0.0000000
       2.4176512       0.0000000
       2.4178681       0.0000000
       2.4180851       0.0000000
       2.4183021       0.0000000
       2.4185190       0.0000000
       2.4187360       0.0000000
       2.4189532       0.0000000
       2.4191701       0.0000000
       2.4193871       0.0000000
       2.4196041       0.0000000
       2.4198210       0.0000000
       2.4200380       0.0000000
       2.4202552       0.0000000
